1000.000 0.100 1000
133.877 136.407 451.215 0.000 0.000 0.000 999999937746599673856.000
74.425 569.847 635.231 0.000 0.000 0.000 1000000875565960658944.000
89.453 556.179 789.652 0.000 0.000 0.000 999999586031617966080.000
249.778 291.865 803.236 0.000 0.000 0.000 999998583145531572224.000
474.594 269.940 286.042 0.000 0.000 0.000 999999725818528137216.000
306.187 321.759 113.174 0.000 0.000 0.000 1000001630278861193216.000
119.353 69.119 694.761 0.000 0.000 0.000 1000001166908847554560.000
392.524 529.937 398.371 0.000 0.000 0.000 1000000594286765408256.000
190.357 596.991 888.420 0.000 0.000 0.000 999999604565892530176.000
283.265 885.305 261.775 0.000 0.000 0.000 999999889143744561152.000
520.485 19.521 506.688 0.000 0.000 0.000 1000000431796491517952.000
494.311 550.787 728.838 0.000 0.000 0.000 999999506548068974592.000
14.026 449.801 183.249 0.000 0.000 0.000 1000000220448245809152.000
576.431 923.869 24.395 0.000 0.000 0.000 999999855830366158848.000
764.918 749.209 763.557 0.000 0.000 0.000 1000000035116252397568.000
485.557 246.053 961.432 0.000 0.000 0.000 1000000264840825274368.000
660.952 541.209 597.058 0.000 0.000 0.000 1000001780487144734720.000
720.757 459.556 636.031 0.000 0.000 0.000 1000000682028364070912.000
774.678 896.903 673.120 0.000 0.000 0.000 999999981815441522688.000
728.696 780.637 270.851 0.000 0.000 0.000 999998839432489467904.000
140.694 773.214 473.833 0.000 0.000 0.000 1000001074630358073344.000
879.618 765.078 43.186 0.000 0.000 0.000 1000001403579101216768.000
866.697 268.361 954.200 0.000 0.000 0.000 999999818321709498368.000
410.242 717.940 648.346 0.000 0.000 0.000 999999632252787359744.000
590.958 94.249 101.084 0.000 0.000 0.000 1000000760010524327936.000
353.562 496.918 665.151 0.000 0.000 0.000 999998986481871618048.000
664.376 307.979 224.498 0.000 0.000 0.000 1000000626648157519872.000
151.784 786.661 499.095 0.000 0.000 0.000 1000000793046320676864.000
264.327 504.220 493.222 0.000 0.000 0.000 1000000250499638755328.000
226.929 282.706 410.169 0.000 0.000 0.000 999997686907807072256.000
124.855 810.180 856.087 0.000 0.000 0.000 1000001830193586896896.000
22.600 882.839 658.221 0.000 0.000 0.000 999999754011294957568.000
722.961 369.706 47.659 0.000 0.000 0.000 1000002408930105491456.000
366.027 394.724 694.348 0.000 0.000 0.000 1000000278681336414208.000
179.663 464.767 593.499 0.000 0.000 0.000 999999580052065091584.000
482.279 432.138 296.946 0.000 0.000 0.000 999999964241595465728.000
93.585 327.921 130.597 0.000 0.000 0.000 1000001081094036520960.000
528.859 32.212 941.345 0.000 0.000 0.000 999999545595901509632.000
210.311 322.900 528.552 0.000 0.000 0.000 1000000137373628891136.000
515.927 374.645 272.068 0.000 0.000 0.000 1000000745292824444928.000
443.488 631.913 485.080 0.000 0.000 0.000 1000000248038101483520.000
580.683 490.019 209.041 0.000 0.000 0.000 1000000730196845264896.000
210.439 486.545 874.311 0.000 0.000 0.000 999999766681756631040.000
452.453 564.665 213.238 0.000 0.000 0.000 1000000422989434191872.000
48.087 710.663 631.442 0.000 0.000 0.000 1000002388885943091200.000
59.095 409.933 752.102 0.000 0.000 0.000 999999614002001608704.000
105.196 705.243 84.627 0.000 0.000 0.000 1000000312714911023104.000
891.219 951.368 20.317 0.000 0.000 0.000 1000001161092016504832.000
606.953 500.508 423.253 0.000 0.000 0.000 999999131968189628416.000
514.861 506.893 465.481 0.000 0.000 0.000 1000000806738967265280.000
449.523 142.955 583.983 0.000 0.000 0.000 999999169869550583808.000
477.013 531.823 260.833 0.000 0.000 0.000 1000001863752213463040.000
905.372 259.981 684.549 0.000 0.000 0.000 1000000702201855475712.000
955.118 785.336 702.684 0.000 0.000 0.000 1000000225873485496320.000
379.581 478.939 381.520 0.000 0.000 0.000 1000001455922808487936.000
989.810 372.752 766.878 0.000 0.000 0.000 1000001217043157745664.000
146.358 571.217 233.249 0.000 0.000 0.000 1000001002126533066752.000
804.749 725.471 402.967 0.000 0.000 0.000 999998927167848841216.000
202.681 140.577 419.604 0.000 0.000 0.000 999999854278977257472.000
340.268 704.524 16.686 0.000 0.000 0.000 999998656265058779136.000
465.336 432.195 859.601 0.000 0.000 0.000 999998374508875218944.000
658.226 61.302 575.702 0.000 0.000 0.000 1000001023525354995712.000
807.040 915.061 945.771 0.000 0.000 0.000 999999754659278749696.000
407.887 806.362 361.721 0.000 0.000 0.000 1000000142319117271040.000
316.655 639.101 635.301 0.000 0.000 0.000 999999021291659460608.000
894.318 977.659 399.471 0.000 0.000 0.000 999997154646279061504.000
215.861 818.813 874.430 0.000 0.000 0.000 999999773560788615168.000
856.952 98.072 684.264 0.000 0.000 0.000 1000000195192598429696.000
251.865 672.718 112.547 0.000 0.000 0.000 999998573205850554368.000
369.036 915.665 784.603 0.000 0.000 0.000 999999902207014731776.000
243.641 711.600 59.245 0.000 0.000 0.000 1000002080252151070720.000
382.279 245.185 719.913 0.000 0.000 0.000 999999902258122850304.000
219.581 696.963 501.181 0.000 0.000 0.000 1000000603409553293312.000
932.337 340.430 847.627 0.000 0.000 0.000 999999359763572850688.000
984.581 370.889 643.346 0.000 0.000 0.000 1000000217570068922368.000
153.822 479.126 618.218 0.000 0.000 0.000 999999641270129524736.000
991.478 804.813 664.748 0.000 0.000 0.000 1000001962214805471232.000
893.739 198.109 992.130 0.000 0.000 0.000 999998691005952032768.000
768.123 990.381 728.212 0.000 0.000 0.000 999997437295235563520.000
407.586 951.375 886.068 0.000 0.000 0.000 999998858458758119424.000
355.477 758.314 745.040 0.000 0.000 0.000 999996511012348887040.000
54.597 891.059 783.073 0.000 0.000 0.000 999999992949473804288.000
530.103 525.024 396.454 0.000 0.000 0.000 999999123023157657600.000
714.822 428.934 940.760 0.000 0.000 0.000 999999627383727194112.000
261.858 500.958 989.318 0.000 0.000 0.000 999998591224484593664.000
979.457 406.286 690.908 0.000 0.000 0.000 1000000677855068684288.000
541.023 765.097 156.685 0.000 0.000 0.000 1000001051005020274688.000
496.358 270.831 509.430 0.000 0.000 0.000 1000001082254596374528.000
154.712 371.542 272.160 0.000 0.000 0.000 1000000005861881151488.000
14.755 724.619 745.338 0.000 0.000 0.000 999999148273513136128.000
412.062 548.257 833.930 0.000 0.000 0.000 1000001183130721189888.000
992.568 398.090 562.618 0.000 0.000 0.000 999998706044949102592.000
194.637 171.728 481.287 0.000 0.000 0.000 1000001467071322259456.000
964.439 473.993 896.145 0.000 0.000 0.000 999998934159347548160.000
433.598 644.665 598.306 0.000 0.000 0.000 999998681807153266688.000
87.696 336.719 536.224 0.000 0.000 0.000 999998901021179641856.000
466.602 774.287 774.081 0.000 0.000 0.000 999999758286134181888.000
333.722 582.190 466.896 0.000 0.000 0.000 1000001695950998077440.000
896.219 91.275 322.253 0.000 0.000 0.000 1000001449478195773440.000
698.743 692.285 713.357 0.000 0.000 0.000 1000000280461975224320.000
549.482 879.904 355.154 0.000 0.000 0.000 1000002291803828912128.000
959.632 428.420 558.381 0.000 0.000 0.000 1000000695055438446592.000
529.469 267.182 732.784 0.000 0.000 0.000 1000001190622247124992.000
236.624 955.023 94.647 0.000 0.000 0.000 1000000430778120142848.000
133.573 329.793 105.019 0.000 0.000 0.000 1000000783534273986560.000
396.096 106.321 989.274 0.000 0.000 0.000 1000001090837673148416.000
224.184 697.140 479.499 0.000 0.000 0.000 999999831124604354560.000
511.924 989.796 626.367 0.000 0.000 0.000 999998443444785905664.000
768.018 156.694 804.735 0.000 0.000 0.000 999999402913400750080.000
290.116 665.443 860.501 0.000 0.000 0.000 999999311679286542336.000
604.334 838.371 457.179 0.000 0.000 0.000 1000001103924310704128.000
737.508 424.982 77.033 0.000 0.000 0.000 1000002531274944020480.000
919.242 398.756 478.714 0.000 0.000 0.000 999999894623634718720.000
435.504 229.737 515.441 0.000 0.000 0.000 1000000965374433034240.000
574.502 82.501 343.285 0.000 0.000 0.000 1000000961348508712960.000
809.736 624.618 667.386 0.000 0.000 0.000 999999326208931659776.000
240.857 820.975 958.272 0.000 0.000 0.000 999998668414849777664.000
499.277 629.554 493.345 0.000 0.000 0.000 999999524478764843008.000
536.010 35.198 628.434 0.000 0.000 0.000 999999542356406304768.000
313.025 519.143 295.858 0.000 0.000 0.000 1000000159919290712064.000
790.879 537.787 299.735 0.000 0.000 0.000 999999735904854212608.000
489.275 529.398 216.201 0.000 0.000 0.000 1000000048087951605760.000
762.849 685.206 455.108 0.000 0.000 0.000 999999976155642200064.000
209.752 546.456 423.881 0.000 0.000 0.000 999998525406811389952.000
942.052 534.147 145.019 0.000 0.000 0.000 1000001295288998297600.000
600.996 670.684 209.161 0.000 0.000 0.000 1000002086626671591424.000
631.197 918.166 512.997 0.000 0.000 0.000 1000000097073397366784.000
322.001 32.497 984.608 0.000 0.000 0.000 1000000319710740217856.000
611.066 246.378 410.075 0.000 0.000 0.000 1000001164903698661376.000
77.971 252.410 603.131 0.000 0.000 0.000 999999941663410880512.000
715.874 297.455 433.354 0.000 0.000 0.000 1000001137057635893248.000
670.778 945.318 695.122 0.000 0.000 0.000 1000001369796211507200.000
237.969 975.633 608.008 0.000 0.000 0.000 1000000002020802691072.000
621.524 554.087 547.088 0.000 0.000 0.000 1000000221524049657856.000
218.271 182.247 21.358 0.000 0.000 0.000 1000000642290993725440.000
410.954 360.138 327.861 0.000 0.000 0.000 1000002565020435087360.000
664.555 458.989 526.233 0.000 0.000 0.000 999999495523004973056.000
905.657 952.715 771.137 0.000 0.000 0.000 999999423827202801664.000
488.365 560.306 115.120 0.000 0.000 0.000 1000000355372142952448.000
712.837 605.402 526.018 0.000 0.000 0.000 999999482435499065344.000
525.459 936.221 661.219 0.000 0.000 0.000 1000001056337199235072.000
762.403 558.843 131.693 0.000 0.000 0.000 1000000547266193915904.000
965.107 602.435 503.494 0.000 0.000 0.000 1000000671172810113024.000
945.776 143.556 967.374 0.000 0.000 0.000 999998926046058381312.000
226.482 374.666 143.312 0.000 0.000 0.000 999999931168641646592.000
940.858 661.402 369.277 0.000 0.000 0.000 999999116708345151488.000
67.836 592.848 7.798 0.000 0.000 0.000 1000000877567740346368.000
178.482 329.299 970.280 0.000 0.000 0.000 999999810448279732224.000
391.746 54.221 104.914 0.000 0.000 0.000 999996456995544104960.000
114.082 619.560 557.101 0.000 0.000 0.000 1000000236089512034304.000
221.486 700.460 750.568 0.000 0.000 0.000 999999884448066174976.000
374.398 887.364 94.467 0.000 0.000 0.000 999999586847462653952.000
651.176 981.076 941.992 0.000 0.000 0.000 999999961294516518912.000
584.906 780.461 545.145 0.000 0.000 0.000 1000000999608550555648.000
638.450 889.193 78.854 0.000 0.000 0.000 999999356915611074560.000
757.094 655.928 324.392 0.000 0.000 0.000 999999874155921276928.000
357.475 247.612 52.250 0.000 0.000 0.000 1000000444011443388416.000
530.205 660.170 250.018 0.000 0.000 0.000 999999701276149284864.000
116.534 432.659 771.183 0.000 0.000 0.000 999998999917952761856.000
996.399 213.549 757.691 0.000 0.000 0.000 999999605473118781440.000
895.659 212.620 375.177 0.000 0.000 0.000 999999925663899582464.000
857.062 764.473 518.205 0.000 0.000 0.000 999998449180030271488.000
919.158 189.799 962.408 0.000 0.000 0.000 999999535546248069120.000
866.101 838.536 615.209 0.000 0.000 0.000 999999607772111831040.000
633.672 825.249 244.850 0.000 0.000 0.000 999999639269397626880.000
565.661 905.475 984.342 0.000 0.000 0.000 1000000895611752284160.000
512.065 513.325 768.358 0.000 0.000 0.000 999999464777818701824.000
725.424 94.998 829.119 0.000 0.000 0.000 999999336709776080896.000
120.070 111.186 685.300 0.000 0.000 0.000 1000000294990234124288.000
494.353 712.124 733.320 0.000 0.000 0.000 1000000037219940433920.000
902.590 529.840 998.438 0.000 0.000 0.000 999998955504732602368.000
742.408 60.571 133.434 0.000 0.000 0.000 1000000526186481713152.000
454.955 313.508 813.244 0.000 0.000 0.000 1000002219028669267968.000
955.700 336.540 548.775 0.000 0.000 0.000 999999507087051849728.000
414.782 965.350 428.966 0.000 0.000 0.000 1000000209688272568320.000
428.193 992.486 821.822 0.000 0.000 0.000 999998806367246221312.000
943.319 223.993 754.679 0.000 0.000 0.000 1000000255239052591104.000
857.910 77.426 542.812 0.000 0.000 0.000 1000001032236302467072.000
616.975 131.616 127.531 0.000 0.000 0.000 999998309673010200576.000
166.115 265.052 602.660 0.000 0.000 0.000 1000000662212112285696.000
483.884 724.072 6.444 0.000 0.000 0.000 999997879915128946688.000
884.883 913.949 948.032 0.000 0.000 0.000 1000000248005861965824.000
247.502 530.797 93.883 0.000 0.000 0.000 1000001906647623008256.000
576.171 481.923 853.729 0.000 0.000 0.000 999999583934380900352.000
154.691 736.326 504.096 0.000 0.000 0.000 999999511992677433344.000
469.648 406.030 264.633 0.000 0.000 0.000 999999866999440670720.000
306.645 386.049 523.336 0.000 0.000 0.000 1000001088590988181504.000
781.724 636.418 590.774 0.000 0.000 0.000 1000000225679560933376.000
656.952 803.673 93.818 0.000 0.000 0.000 999999749865884614656.000
871.426 103.879 423.015 0.000 0.000 0.000 1000000991510309371904.000
839.026 70.191 198.138 0.000 0.000 0.000 999999927647711002624.000
954.581 906.953 686.346 0.000 0.000 0.000 1000000105817826131968.000
125.185 561.977 854.107 0.000 0.000 0.000 1000001243515378335744.000
980.418 903.681 745.122 0.000 0.000 0.000 1000000213251653369856.000
184.933 461.386 653.626 0.000 0.000 0.000 999999780018475892736.000
527.893 153.095 521.825 0.000 0.000 0.000 999999647193186828288.000
934.682 917.884 566.640 0.000 0.000 0.000 999998791474276597760.000
836.410 498.699 991.316 0.000 0.000 0.000 999998470158247002112.000
981.436 454.941 271.370 0.000 0.000 0.000 999999057895979220992.000
729.027 526.965 436.711 0.000 0.000 0.000 999999343473426300928.000
55.794 463.959 537.072 0.000 0.000 0.000 1000000911066871103488.000
585.175 620.472 835.486 0.000 0.000 0.000 999999142797145669632.000
132.687 665.399 77.069 0.000 0.000 0.000 999998480704075464704.000
327.574 607.901 205.732 0.000 0.000 0.000 1000000186534978912256.000
197.270 591.529 331.908 0.000 0.000 0.000 1000001028854032105472.000
535.233 457.536 289.048 0.000 0.000 0.000 1000000463033738985472.000
956.841 135.276 504.775 0.000 0.000 0.000 1000000724181910028288.000
500.226 601.223 589.197 0.000 0.000 0.000 999998460710401736704.000
144.255 609.241 120.698 0.000 0.000 0.000 1000000704337741479936.000
998.469 453.238 322.009 0.000 0.000 0.000 999999259977191653376.000
802.519 323.099 252.793 0.000 0.000 0.000 999999495995964915712.000
598.144 755.686 580.025 0.000 0.000 0.000 1000000375391379652608.000
57.123 272.105 731.744 0.000 0.000 0.000 1000000058049158578176.000
671.377 314.083 678.445 0.000 0.000 0.000 1000000332133165826048.000
429.877 197.319 12.243 0.000 0.000 0.000 999998726056528838656.000
877.439 712.323 733.789 0.000 0.000 0.000 1000000589605470208000.000
402.963 864.097 704.383 0.000 0.000 0.000 999999981753844891648.000
789.682 696.873 345.843 0.000 0.000 0.000 1000000411968133660672.000
651.638 835.028 749.159 0.000 0.000 0.000 1000001496817012178944.000
812.522 655.205 614.968 0.000 0.000 0.000 999999196545695088640.000
607.123 264.614 214.595 0.000 0.000 0.000 999999815173827461120.000
220.166 246.983 781.752 0.000 0.000 0.000 999998807015302103040.000
680.199 917.869 846.763 0.000 0.000 0.000 999998562045460742144.000
686.600 909.404 514.947 0.000 0.000 0.000 999999269879110959104.000
429.762 239.311 306.234 0.000 0.000 0.000 999999695762280677376.000
460.225 740.599 631.419 0.000 0.000 0.000 1000001521506843099136.000
253.606 282.348 389.732 0.000 0.000 0.000 1000000503350535913472.000
487.571 530.716 817.950 0.000 0.000 0.000 999999938988001722368.000
193.269 146.842 203.634 0.000 0.000 0.000 999999784815738486784.000
574.590 282.507 127.646 0.000 0.000 0.000 999998187373709885440.000
494.932 692.678 429.275 0.000 0.000 0.000 1000001058760169750528.000
264.477 419.863 340.495 0.000 0.000 0.000 999999330079575769088.000
633.210 716.848 838.454 0.000 0.000 0.000 999999622505288957952.000
957.744 712.021 650.674 0.000 0.000 0.000 1000000782689368539136.000
529.228 689.912 709.664 0.000 0.000 0.000 999999895403939364864.000
718.874 378.473 308.023 0.000 0.000 0.000 999999093303936811008.000
144.553 222.989 190.647 0.000 0.000 0.000 999998673772400082944.000
689.497 617.337 630.028 0.000 0.000 0.000 999999226249405792256.000
912.663 435.027 829.315 0.000 0.000 0.000 1000000204395671060480.000
170.249 437.841 384.372 0.000 0.000 0.000 1000000185172009811968.000
466.228 751.440 413.375 0.000 0.000 0.000 999999465406930485248.000
431.572 161.514 814.560 0.000 0.000 0.000 1000000794874556841984.000
303.998 873.173 612.320 0.000 0.000 0.000 999999741964094406656.000
481.145 292.596 450.993 0.000 0.000 0.000 999999360744814280704.000
166.342 714.865 469.650 0.000 0.000 0.000 1000000797387796774912.000
182.445 432.111 557.169 0.000 0.000 0.000 999998948527646048256.000
148.887 318.079 915.970 0.000 0.000 0.000 1000000342422461218816.000
238.722 174.013 708.903 0.000 0.000 0.000 999999944004935876608.000
540.402 573.825 452.899 0.000 0.000 0.000 999998401140052328448.000
592.693 184.471 420.177 0.000 0.000 0.000 1000000542285088555008.000
893.847 433.139 673.187 0.000 0.000 0.000 1000000419405887963136.000
763.950 670.226 443.540 0.000 0.000 0.000 999999972910943174656.000
994.459 493.199 31.819 0.000 0.000 0.000 999999606192146481152.000
358.766 655.834 532.275 0.000 0.000 0.000 1000000542676195082240.000
10.538 961.312 339.151 0.000 0.000 0.000 1000002283320214683648.000
782.263 960.217 927.694 0.000 0.000 0.000 1000000158313314254848.000
258.790 72.379 464.155 0.000 0.000 0.000 999998917406632574976.000
360.337 958.541 836.572 0.000 0.000 0.000 1000000461312539099136.000
728.817 125.592 197.674 0.000 0.000 0.000 999999882033918509056.000
559.685 790.124 565.761 0.000 0.000 0.000 999998752899290103808.000
766.287 905.210 906.060 0.000 0.000 0.000 999999977790673387520.000
753.886 506.727 781.774 0.000 0.000 0.000 999999540243965149184.000
632.733 4.918 352.398 0.000 0.000 0.000 999999360835077537792.000
105.347 666.160 629.388 0.000 0.000 0.000 1000000321086768545792.000
511.716 932.161 823.085 0.000 0.000 0.000 1000000285672954920960.000
73.698 459.554 534.533 0.000 0.000 0.000 999999997750827941888.000
378.378 632.738 287.512 0.000 0.000 0.000 1000001021222472777728.000
311.443 428.049 177.889 0.000 0.000 0.000 999999192575241617408.000
919.999 824.220 601.666 0.000 0.000 0.000 1000000053474509324288.000
882.647 757.426 270.620 0.000 0.000 0.000 999999554376830550016.000
347.348 614.878 479.692 0.000 0.000 0.000 999999978148760780800.000
571.612 847.164 443.399 0.000 0.000 0.000 999998290525272014848.000
484.636 780.525 469.564 0.000 0.000 0.000 1000000537805486292992.000
577.726 780.817 28.324 0.000 0.000 0.000 1000000011703928750080.000
355.286 249.859 748.787 0.000 0.000 0.000 1000000509324113346560.000
763.919 594.293 814.897 0.000 0.000 0.000 1000000218608496148480.000
286.680 496.967 853.050 0.000 0.000 0.000 999999400416414400512.000
441.086 662.725 691.041 0.000 0.000 0.000 1000000014837459714048.000
783.024 247.936 393.195 0.000 0.000 0.000 1000000841181400399872.000
753.290 612.534 368.312 0.000 0.000 0.000 1000000286714918600704.000
565.312 752.050 75.601 0.000 0.000 0.000 1000000875189299576832.000
93.268 764.631 429.120 0.000 0.000 0.000 1000000002351991226368.000
518.423 705.685 254.084 0.000 0.000 0.000 1000001102715036368896.000
42.993 280.206 476.903 0.000 0.000 0.000 1000000380785750441984.000
469.908 570.134 167.494 0.000 0.000 0.000 999999437337146032128.000
206.959 154.063 855.232 0.000 0.000 0.000 999999421601514127360.000
354.665 568.075 703.682 0.000 0.000 0.000 999999313804492406784.000
801.368 695.831 702.423 0.000 0.000 0.000 1000000372274433884160.000
701.518 155.493 248.448 0.000 0.000 0.000 999999518966222553088.000
676.722 336.100 988.642 0.000 0.000 0.000 999999531927905107968.000
372.594 723.291 968.908 0.000 0.000 0.000 1000001163127194386432.000
689.507 803.268 787.389 0.000 0.000 0.000 1000001047202624307200.000
94.280 77.039 160.489 0.000 0.000 0.000 999999535375690760192.000
35.437 711.779 649.399 0.000 0.000 0.000 999998676727042801664.000
209.306 706.102 853.486 0.000 0.000 0.000 999998366705345757184.000
510.030 97.719 885.911 0.000 0.000 0.000 1000000448931302866944.000
206.942 118.177 665.836 0.000 0.000 0.000 1000000381643605671936.000
479.714 289.014 407.087 0.000 0.000 0.000 1000000624513703084032.000
804.308 525.233 712.063 0.000 0.000 0.000 999999363571874267136.000
633.229 785.204 399.054 0.000 0.000 0.000 1000000143664211689472.000
692.163 685.059 882.162 0.000 0.000 0.000 999998203554885009408.000
624.633 753.201 537.932 0.000 0.000 0.000 1000001400609933230080.000
818.101 57.634 496.826 0.000 0.000 0.000 1000000002342986317824.000
395.639 869.293 203.621 0.000 0.000 0.000 999999012475580841984.000
131.417 659.421 987.785 0.000 0.000 0.000 1000001062288918839296.000
619.958 954.598 488.697 0.000 0.000 0.000 999999553906210766848.000
896.297 873.616 706.680 0.000 0.000 0.000 999998945490892095488.000
821.740 787.664 560.837 0.000 0.000 0.000 999999742526011867136.000
489.233 599.624 896.643 0.000 0.000 0.000 999999194160219815936.000
907.825 409.276 19.498 0.000 0.000 0.000 1000000247727350349824.000
1.250 684.784 69.964 0.000 0.000 0.000 999999192298527522816.000
268.238 997.842 754.475 0.000 0.000 0.000 999999474777257541632.000
31.996 81.802 600.137 0.000 0.000 0.000 999999970213414830080.000
124.617 432.237 355.656 0.000 0.000 0.000 1000000254338704474112.000
992.998 535.510 249.982 0.000 0.000 0.000 1000000248351139168256.000
576.529 855.683 540.761 0.000 0.000 0.000 1000000710494054514688.000
880.690 590.329 569.443 0.000 0.000 0.000 1000001571078824132608.000
688.674 438.155 151.491 0.000 0.000 0.000 1000000272285972430848.000
534.310 262.530 890.082 0.000 0.000 0.000 1000000108113718673408.000
54.263 182.444 387.592 0.000 0.000 0.000 999999820037829296128.000
90.237 979.882 840.156 0.000 0.000 0.000 1000001172464885956608.000
876.963 476.671 178.836 0.000 0.000 0.000 1000000347041895284736.000
467.133 290.409 771.634 0.000 0.000 0.000 1000000249736913879040.000
678.533 259.948 740.656 0.000 0.000 0.000 999998955487857082368.000
251.817 411.613 306.647 0.000 0.000 0.000 999998192366920663040.000
434.127 28.487 25.194 0.000 0.000 0.000 999999370555886927872.000
863.072 303.513 696.257 0.000 0.000 0.000 1000000231123779715072.000
55.887 825.588 575.714 0.000 0.000 0.000 999998258051575709696.000
868.448 998.028 700.320 0.000 0.000 0.000 1000000137307502673920.000
837.612 369.562 890.367 0.000 0.000 0.000 999999429446645972992.000
976.518 526.360 574.090 0.000 0.000 0.000 1000000373945544081408.000
500.898 74.414 738.572 0.000 0.000 0.000 999999691081890136064.000
572.500 213.058 996.670 0.000 0.000 0.000 1000001482717465411584.000
292.939 848.416 168.257 0.000 0.000 0.000 999999551125274886144.000
529.085 227.138 568.926 0.000 0.000 0.000 1000000248574048600064.000
363.450 533.255 243.742 0.000 0.000 0.000 1000000425248536395776.000
28.583 727.362 5.463 0.000 0.000 0.000 1000001283174495289344.000
383.556 355.127 975.163 0.000 0.000 0.000 1000000180424583413760.000
631.196 628.240 528.627 0.000 0.000 0.000 999999739045775540224.000
734.300 67.688 598.020 0.000 0.000 0.000 1000000739604891041792.000
524.147 704.054 932.691 0.000 0.000 0.000 1000002638737488478208.000
257.572 639.691 591.300 0.000 0.000 0.000 999999110525839081472.000
970.787 701.019 811.523 0.000 0.000 0.000 999999400660493008896.000
655.156 271.924 348.567 0.000 0.000 0.000 999999714011210711040.000
276.042 997.624 639.489 0.000 0.000 0.000 1000000571489416773632.000
242.771 467.959 172.963 0.000 0.000 0.000 1000000498246429048832.000
186.141 905.770 392.096 0.000 0.000 0.000 999999967155898679296.000
124.997 324.324 476.336 0.000 0.000 0.000 1000000295217641816064.000
83.280 6.163 827.249 0.000 0.000 0.000 999998541007263498240.000
242.062 412.249 451.154 0.000 0.000 0.000 999999740179821887488.000
939.567 89.738 74.932 0.000 0.000 0.000 999999678428683436032.000
972.049 569.215 5.333 0.000 0.000 0.000 1000000885628621160448.000
28.008 832.513 566.340 0.000 0.000 0.000 1000001308045698924544.000
752.689 644.720 358.690 0.000 0.000 0.000 1000000624948835778560.000
519.971 321.886 935.406 0.000 0.000 0.000 1000000154216854716416.000
363.972 59.910 280.974 0.000 0.000 0.000 999999283154397167616.000
822.023 44.161 125.657 0.000 0.000 0.000 999998474903984275456.000
31.257 853.306 583.641 0.000 0.000 0.000 999998622399329337344.000
472.992 964.813 927.444 0.000 0.000 0.000 1000000646133373992960.000
244.742 226.424 951.227 0.000 0.000 0.000 999999168370712379392.000
5.038 98.496 344.201 0.000 0.000 0.000 999999990786326921216.000
407.063 733.093 568.613 0.000 0.000 0.000 1000000596673694662656.000
234.242 90.107 372.060 0.000 0.000 0.000 1000000066129147985920.000
176.154 985.548 390.825 0.000 0.000 0.000 1000001058639926525952.000
17.637 715.079 403.753 0.000 0.000 0.000 999999731340287672320.000
816.448 951.614 481.667 0.000 0.000 0.000 999998019697327472640.000
155.142 185.722 151.380 0.000 0.000 0.000 999999840713055404032.000
113.306 268.895 192.722 0.000 0.000 0.000 1000000220861365223424.000
2.694 548.190 5.807 0.000 0.000 0.000 1000000500930566422528.000
354.391 360.339 698.276 0.000 0.000 0.000 999999490388077707264.000
401.205 815.246 811.441 0.000 0.000 0.000 1000000868036992434176.000
3.051 783.047 183.313 0.000 0.000 0.000 1000000381608180973568.000
757.315 181.881 304.614 0.000 0.000 0.000 1000002302050467577856.000
11.878 109.281 356.238 0.000 0.000 0.000 999999546514741395456.000
843.929 865.840 903.793 0.000 0.000 0.000 999998050611060932608.000
240.949 643.580 418.182 0.000 0.000 0.000 999999502720127074304.000
436.134 997.514 163.361 0.000 0.000 0.000 1000000024857442385920.000
3.865 490.309 803.714 0.000 0.000 0.000 999999208255751192576.000
156.128 569.233 776.507 0.000 0.000 0.000 999999518317251133440.000
0.776 856.183 957.593 0.000 0.000 0.000 1000000264322105212928.000
264.122 844.729 869.121 0.000 0.000 0.000 999998732107373608960.000
689.446 949.501 15.106 0.000 0.000 0.000 999999220308552056832.000
591.358 437.380 561.079 0.000 0.000 0.000 1000000386794837770240.000
838.596 278.475 465.984 0.000 0.000 0.000 999998543758756544512.000
74.421 476.273 711.939 0.000 0.000 0.000 999999459311631859712.000
748.152 338.821 284.987 0.000 0.000 0.000 1000000292507330805760.000
736.767 543.580 904.389 0.000 0.000 0.000 1000000105368614862848.000
256.001 428.269 669.536 0.000 0.000 0.000 999998687844039655424.000
482.077 857.658 834.708 0.000 0.000 0.000 999999158449357717504.000
76.911 184.763 674.451 0.000 0.000 0.000 999998842620280307712.000
451.522 568.024 787.225 0.000 0.000 0.000 1000000652997757108224.000
419.898 230.971 342.424 0.000 0.000 0.000 1000001214523231698944.000
66.386 622.019 971.664 0.000 0.000 0.000 999999185628998664192.000
534.610 296.626 32.270 0.000 0.000 0.000 999998531548395995136.000
389.132 2.995 419.443 0.000 0.000 0.000 1000000263913494413312.000
30.178 833.930 69.609 0.000 0.000 0.000 999999216016203448320.000
891.040 49.877 938.053 0.000 0.000 0.000 1000000507951636545536.000
666.756 13.292 156.742 0.000 0.000 0.000 999999035748995432448.000
80.274 491.282 204.463 0.000 0.000 0.000 1000000234910969233408.000
802.758 707.008 984.719 0.000 0.000 0.000 999997563524047044608.000
299.729 173.318 25.274 0.000 0.000 0.000 1000000252356673404928.000
644.478 756.696 255.991 0.000 0.000 0.000 999999513267288408064.000
296.108 841.731 985.410 0.000 0.000 0.000 1000000237728298958848.000
645.214 931.099 87.517 0.000 0.000 0.000 999999702448112795648.000
649.483 679.357 909.965 0.000 0.000 0.000 1000000305206852452352.000
304.869 213.682 788.361 0.000 0.000 0.000 999999792387563323392.000
69.652 408.203 194.766 0.000 0.000 0.000 999998894162360139776.000
159.912 620.072 174.604 0.000 0.000 0.000 999998908598653943808.000
395.679 643.209 976.494 0.000 0.000 0.000 999999639601181884416.000
203.070 648.199 286.668 0.000 0.000 0.000 1000001065381607768064.000
819.657 919.792 492.338 0.000 0.000 0.000 1000000013427586105344.000
74.724 817.540 845.935 0.000 0.000 0.000 1000000732017914150912.000
355.131 292.795 995.229 0.000 0.000 0.000 999999512478911954944.000
198.604 193.946 893.708 0.000 0.000 0.000 1000000877534334943232.000
631.017 212.143 32.592 0.000 0.000 0.000 999998204451913859072.000
222.744 920.672 903.553 0.000 0.000 0.000 1000000303309767442432.000
218.533 151.122 939.790 0.000 0.000 0.000 1000000089730128805888.000
852.417 540.656 876.228 0.000 0.000 0.000 999999790293380628480.000
46.382 473.960 963.368 0.000 0.000 0.000 999999519352888623104.000
617.354 999.577 916.657 0.000 0.000 0.000 999999195774614503424.000
769.165 744.682 602.775 0.000 0.000 0.000 999999834764625707008.000
198.983 673.413 318.360 0.000 0.000 0.000 1000000442406898237440.000
773.457 954.388 282.467 0.000 0.000 0.000 1000000096691974963200.000
132.991 770.735 496.261 0.000 0.000 0.000 1000000128002680029184.000
114.347 858.736 822.524 0.000 0.000 0.000 1000000622087105282048.000
439.170 495.989 136.733 0.000 0.000 0.000 1000000852377540755456.000
492.707 972.449 686.348 0.000 0.000 0.000 1000001076288905412608.000
418.841 620.733 273.028 0.000 0.000 0.000 1000000147051190943744.000
765.838 263.120 235.186 0.000 0.000 0.000 1000000340450027634688.000
184.720 592.844 435.018 0.000 0.000 0.000 999999020194185609216.000
1.308 437.415 209.777 0.000 0.000 0.000 999999579231740887040.000
997.895 750.184 795.951 0.000 0.000 0.000 1000001201893860442112.000
529.223 817.070 731.056 0.000 0.000 0.000 999999916829909712896.000
199.078 386.061 981.867 0.000 0.000 0.000 1000000284173093437440.000
266.209 360.177 369.329 0.000 0.000 0.000 1000000170881497825280.000
500.188 664.056 957.431 0.000 0.000 0.000 999998278754780446720.000
893.206 306.986 809.718 0.000 0.000 0.000 999999899159848157184.000
971.537 778.288 316.640 0.000 0.000 0.000 1000000126307611967488.000
26.293 961.330 274.187 0.000 0.000 0.000 999999712385523384320.000
919.475 799.882 265.909 0.000 0.000 0.000 999999989732367532032.000
545.114 318.093 190.254 0.000 0.000 0.000 999997924080061906944.000
840.482 587.539 261.196 0.000 0.000 0.000 999999387603075465216.000
847.803 778.061 964.090 0.000 0.000 0.000 1000000104257319469056.000
621.298 796.200 459.674 0.000 0.000 0.000 999999755896274026496.000
548.108 30.233 939.875 0.000 0.000 0.000 999998717441462501376.000
816.040 782.512 18.080 0.000 0.000 0.000 999997852098238218240.000
914.749 326.639 440.181 0.000 0.000 0.000 999999332766838554624.000
900.189 1.180 60.623 0.000 0.000 0.000 999999372106344955904.000
823.998 911.489 544.646 0.000 0.000 0.000 1000000362255138160640.000
456.238 348.796 787.370 0.000 0.000 0.000 1000001096744693137408.000
743.591 649.030 136.044 0.000 0.000 0.000 999999709778471026688.000
379.508 601.810 476.055 0.000 0.000 0.000 1000000644961064058880.000
955.595 646.975 646.124 0.000 0.000 0.000 1000002474556027830272.000
314.482 445.526 763.759 0.000 0.000 0.000 1000000063334374440960.000
963.666 499.143 241.744 0.000 0.000 0.000 1000001391390982930432.000
727.407 68.254 795.536 0.000 0.000 0.000 999998783335480033280.000
669.389 108.306 738.835 0.000 0.000 0.000 999999652333713883136.000
749.884 750.567 453.058 0.000 0.000 0.000 999998926154846175232.000
474.072 429.392 123.640 0.000 0.000 0.000 999998898135899832320.000
751.815 368.317 714.793 0.000 0.000 0.000 1000002216161331773440.000
911.387 502.829 387.656 0.000 0.000 0.000 999999538809422479360.000
787.638 623.711 413.423 0.000 0.000 0.000 1000000130558560567296.000
425.665 231.290 705.881 0.000 0.000 0.000 999998957815362879488.000
308.045 295.943 415.845 0.000 0.000 0.000 999998876046871363584.000
489.876 468.918 904.047 0.000 0.000 0.000 999999830870610804736.000
751.778 940.168 920.833 0.000 0.000 0.000 999999157945019662336.000
820.790 672.573 413.407 0.000 0.000 0.000 999999659355948187648.000
882.941 378.367 278.677 0.000 0.000 0.000 1000000610949153161216.000
823.855 670.142 710.972 0.000 0.000 0.000 999999305345458503680.000
367.964 442.436 628.104 0.000 0.000 0.000 1000000391230250811392.000
902.090 411.903 488.613 0.000 0.000 0.000 999998957589792161792.000
115.804 497.704 406.954 0.000 0.000 0.000 999999575171766419456.000
463.229 729.232 149.330 0.000 0.000 0.000 1000001126454603415552.000
300.179 389.653 131.037 0.000 0.000 0.000 999998376545941979136.000
44.551 536.392 573.478 0.000 0.000 0.000 1000001514989329448960.000
619.992 382.995 768.825 0.000 0.000 0.000 1000000497811889061888.000
722.033 371.460 885.515 0.000 0.000 0.000 999999393941970747392.000
207.307 978.426 370.786 0.000 0.000 0.000 999999995824726343680.000
350.792 544.727 260.494 0.000 0.000 0.000 999999187847949189120.000
856.248 659.874 294.732 0.000 0.000 0.000 999999876414383194112.000
837.366 759.253 79.026 0.000 0.000 0.000 1000000212670124916736.000
557.711 111.417 858.917 0.000 0.000 0.000 1000001163491534569472.000
458.532 769.561 256.656 0.000 0.000 0.000 1000000796334758690816.000
425.192 896.405 58.197 0.000 0.000 0.000 999999060984109203456.000
443.463 903.012 766.095 0.000 0.000 0.000 999999901968840785920.000
93.568 15.724 99.080 0.000 0.000 0.000 999998275192589254656.000
770.363 536.393 97.352 0.000 0.000 0.000 999998855083672469504.000
258.786 316.339 992.750 0.000 0.000 0.000 1000000208626139267072.000
36.522 368.185 100.062 0.000 0.000 0.000 999999130354749014016.000
833.868 674.557 637.822 0.000 0.000 0.000 999999133684721647616.000
740.557 419.901 941.575 0.000 0.000 0.000 1000000953528389730304.000
102.788 265.775 457.038 0.000 0.000 0.000 999999397327110930432.000
158.252 633.170 568.958 0.000 0.000 0.000 999997644011266244608.000
126.972 555.139 464.469 0.000 0.000 0.000 1000001384778466590720.000
807.457 296.256 533.819 0.000 0.000 0.000 999999267958443081728.000
451.184 769.995 522.865 0.000 0.000 0.000 1000001343002020282368.000
275.272 1.983 592.999 0.000 0.000 0.000 999999783762078466048.000
999.706 729.452 774.669 0.000 0.000 0.000 1000001508318330093568.000
85.690 210.831 638.344 0.000 0.000 0.000 1000000789435323908096.000
690.958 7.174 762.702 0.000 0.000 0.000 999999597634859433984.000
309.443 163.546 510.681 0.000 0.000 0.000 999999963289356468224.000
605.853 177.541 749.052 0.000 0.000 0.000 999999231056636411904.000
155.262 561.861 474.319 0.000 0.000 0.000 999999597278026268672.000
326.499 367.566 625.593 0.000 0.000 0.000 999999158131209928704.000
517.255 417.654 647.956 0.000 0.000 0.000 1000001009867990761472.000
925.687 825.881 571.783 0.000 0.000 0.000 999999205096343994368.000
531.193 537.571 353.043 0.000 0.000 0.000 999999386867129253888.000
518.350 628.228 834.485 0.000 0.000 0.000 1000000287940093411328.000
897.389 116.823 275.218 0.000 0.000 0.000 1000002358452837548032.000
119.710 961.867 509.638 0.000 0.000 0.000 1000002246949933547520.000
162.664 527.296 986.259 0.000 0.000 0.000 999999454399965036544.000
397.145 440.789 261.408 0.000 0.000 0.000 1000001141154499526656.000
850.838 150.491 905.066 0.000 0.000 0.000 999998823817288089600.000
743.268 975.570 255.599 0.000 0.000 0.000 999999933002895851520.000
244.231 119.731 957.696 0.000 0.000 0.000 1000000877611362680832.000
269.802 996.732 742.297 0.000 0.000 0.000 999997567089658822656.000
215.824 589.015 661.040 0.000 0.000 0.000 999998875341520502784.000
354.151 269.548 564.215 0.000 0.000 0.000 1000000758398840471552.000
483.175 749.882 118.220 0.000 0.000 0.000 999998606658594799616.000
413.607 998.786 843.461 0.000 0.000 0.000 999998594998789865472.000
571.634 318.265 952.279 0.000 0.000 0.000 999999065623759421440.000
625.959 684.318 442.001 0.000 0.000 0.000 999998713511819608064.000
900.515 457.197 188.977 0.000 0.000 0.000 1000000392076434079744.000
796.479 919.651 840.105 0.000 0.000 0.000 1000000796142303313920.000
363.292 557.595 583.357 0.000 0.000 0.000 999998705079250190336.000
775.455 89.394 109.303 0.000 0.000 0.000 999999291971655958528.000
311.514 326.192 255.723 0.000 0.000 0.000 999998838612008763392.000
314.281 403.525 939.093 0.000 0.000 0.000 1000000114995449430016.000
581.509 270.672 203.801 0.000 0.000 0.000 1000000894133462237184.000
278.591 808.544 532.779 0.000 0.000 0.000 999998740341570928640.000
289.946 709.585 907.620 0.000 0.000 0.000 999999585905884397568.000
454.542 780.793 625.603 0.000 0.000 0.000 1000000737894997295104.000
381.252 803.391 813.579 0.000 0.000 0.000 1000000804504450367488.000
397.229 184.072 695.219 0.000 0.000 0.000 1000001974335900483584.000
294.920 595.928 626.297 0.000 0.000 0.000 999999775582864670720.000
241.123 273.453 916.679 0.000 0.000 0.000 1000001925493018329088.000
488.623 546.362 296.777 0.000 0.000 0.000 1000000726059383390208.000
936.607 241.066 173.032 0.000 0.000 0.000 1000000253741034504192.000
567.368 893.626 35.846 0.000 0.000 0.000 1000000850039343939584.000
365.092 680.791 697.227 0.000 0.000 0.000 1000000335183957196800.000
625.877 615.544 237.214 0.000 0.000 0.000 999999649506030649344.000
577.926 886.770 778.154 0.000 0.000 0.000 1000001653600752238592.000
107.740 277.115 684.445 0.000 0.000 0.000 1000000216388512907264.000
44.766 506.628 550.517 0.000 0.000 0.000 999999265566490624000.000
324.408 278.981 759.265 0.000 0.000 0.000 999998143954373312512.000
688.167 524.350 755.780 0.000 0.000 0.000 999999501067765022720.000
108.348 153.503 866.360 0.000 0.000 0.000 999999975570001887232.000
546.781 893.439 804.189 0.000 0.000 0.000 1000001589125870649344.000
200.983 876.076 648.930 0.000 0.000 0.000 1000000087949015384064.000
422.897 24.093 293.183 0.000 0.000 0.000 1000000598338453372928.000
409.850 92.814 863.778 0.000 0.000 0.000 1000000956685884588032.000
674.470 61.395 512.640 0.000 0.000 0.000 1000000699235742777344.000
696.562 180.953 460.727 0.000 0.000 0.000 1000001163720026357760.000
456.956 131.098 972.536 0.000 0.000 0.000 999998647425662976000.000
813.043 483.653 529.759 0.000 0.000 0.000 1000002280762984628224.000
306.500 282.664 326.255 0.000 0.000 0.000 999999588103973634048.000
996.079 464.658 966.631 0.000 0.000 0.000 999999973956673863680.000
61.286 43.031 889.410 0.000 0.000 0.000 1000001346179462725632.000
357.588 170.540 208.382 0.000 0.000 0.000 1000000222964566982656.000
563.570 361.116 5.770 0.000 0.000 0.000 999998168220418048000.000
183.266 917.275 23.331 0.000 0.000 0.000 1000000497453731020800.000
911.346 677.023 582.135 0.000 0.000 0.000 1000001448037371740160.000
511.991 292.126 684.772 0.000 0.000 0.000 1000000062045132292096.000
736.600 429.728 441.788 0.000 0.000 0.000 1000001192377342099456.000
522.992 371.425 463.939 0.000 0.000 0.000 1000000591512441061376.000
43.013 215.856 856.539 0.000 0.000 0.000 999999694173168336896.000
45.881 161.761 10.554 0.000 0.000 0.000 999999775777645527040.000
630.867 899.963 797.280 0.000 0.000 0.000 1000000103757310197760.000
938.611 71.241 629.390 0.000 0.000 0.000 999999090935172038656.000
908.569 744.812 818.263 0.000 0.000 0.000 999999028485685903360.000
383.674 592.632 472.493 0.000 0.000 0.000 999999439851895652352.000
95.683 441.668 596.063 0.000 0.000 0.000 1000000961380864753664.000
551.433 35.254 792.970 0.000 0.000 0.000 1000000235203613425664.000
998.271 272.519 586.401 0.000 0.000 0.000 1000001196446993088512.000
227.762 810.310 773.410 0.000 0.000 0.000 1000000407791114125312.000
103.888 768.390 5.410 0.000 0.000 0.000 999999092593717280768.000
399.449 654.283 371.612 0.000 0.000 0.000 999999121402423803904.000
720.878 221.345 872.789 0.000 0.000 0.000 999999529947286077440.000
653.302 18.668 55.531 0.000 0.000 0.000 1000000075686093389824.000
504.490 265.407 727.526 0.000 0.000 0.000 999999966761916956672.000
288.042 652.822 430.089 0.000 0.000 0.000 999998830258391220224.000
677.108 112.863 183.615 0.000 0.000 0.000 1000000390428381151232.000
656.278 788.012 250.780 0.000 0.000 0.000 1000000142744716967936.000
270.686 905.632 309.183 0.000 0.000 0.000 999999962534362742784.000
706.198 406.557 117.756 0.000 0.000 0.000 1000000957253254643712.000
520.003 480.309 656.919 0.000 0.000 0.000 999998715294757027840.000
157.535 197.575 150.225 0.000 0.000 0.000 999999977882335576064.000
253.627 888.241 816.885 0.000 0.000 0.000 999999029818787627008.000
289.964 606.325 38.663 0.000 0.000 0.000 999999983992498683904.000
94.484 102.138 714.677 0.000 0.000 0.000 999998567029202616320.000
177.915 221.727 236.866 0.000 0.000 0.000 1000000072769270972416.000
835.084 839.367 253.052 0.000 0.000 0.000 1000000353204168032256.000
511.233 451.131 572.365 0.000 0.000 0.000 999999045578868916224.000
678.209 962.726 426.768 0.000 0.000 0.000 1000000755817518858240.000
36.434 341.735 317.137 0.000 0.000 0.000 999999498384572809216.000
366.168 639.304 159.577 0.000 0.000 0.000 1000000045560331501568.000
115.572 2.688 185.065 0.000 0.000 0.000 999999698324769996800.000
689.161 898.414 535.985 0.000 0.000 0.000 999999223215719972864.000
279.832 754.923 791.375 0.000 0.000 0.000 1000000183826315870208.000
102.689 317.249 339.177 0.000 0.000 0.000 1000000236704997703680.000
771.781 225.407 794.456 0.000 0.000 0.000 1000000532027654144000.000
464.930 604.816 770.648 0.000 0.000 0.000 999999701674533453824.000
569.269 458.855 847.040 0.000 0.000 0.000 1000001147320444780544.000
867.324 700.695 148.123 0.000 0.000 0.000 1000001588961896562688.000
834.794 858.879 301.488 0.000 0.000 0.000 999999413218897821696.000
326.753 868.478 972.007 0.000 0.000 0.000 1000000019445746630656.000
502.488 123.298 521.253 0.000 0.000 0.000 1000000726209210875904.000
420.837 557.906 506.816 0.000 0.000 0.000 1000000092543279038464.000
945.774 367.581 190.651 0.000 0.000 0.000 1000001337701695881216.000
300.847 11.604 539.688 0.000 0.000 0.000 1000000672214114107392.000
583.800 824.132 898.792 0.000 0.000 0.000 999999627562096656384.000
814.682 823.118 925.184 0.000 0.000 0.000 1000001218323382009856.000
951.643 687.588 968.574 0.000 0.000 0.000 1000001082605849411584.000
816.956 52.033 226.340 0.000 0.000 0.000 1000000551801531006976.000
469.384 164.696 301.719 0.000 0.000 0.000 999998948152973459456.000
311.258 674.847 375.131 0.000 0.000 0.000 1000000109935461662720.000
311.519 517.567 763.618 0.000 0.000 0.000 999998040727523688448.000
800.480 23.684 686.748 0.000 0.000 0.000 999998845473049673728.000
627.967 998.977 533.549 0.000 0.000 0.000 999999619307208572928.000
984.612 528.243 351.079 0.000 0.000 0.000 1000000051747257188352.000
550.286 262.597 525.196 0.000 0.000 0.000 1000000813767911800832.000
187.591 919.796 974.980 0.000 0.000 0.000 999999879034729267200.000
924.132 196.511 296.147 0.000 0.000 0.000 999999878997334949888.000
428.407 697.870 845.385 0.000 0.000 0.000 1000000516674109702144.000
611.819 794.597 614.874 0.000 0.000 0.000 1000000809213710041088.000
31.058 167.543 785.699 0.000 0.000 0.000 1000000182074925907968.000
680.702 351.467 656.626 0.000 0.000 0.000 1000001468735445139456.000
29.334 185.462 458.232 0.000 0.000 0.000 999999304533190377472.000
907.392 711.433 321.432 0.000 0.000 0.000 1000000546372284448768.000
856.916 808.415 871.540 0.000 0.000 0.000 999999314702850457600.000
500.449 874.674 558.028 0.000 0.000 0.000 1000000811939213082624.000
354.052 597.721 641.951 0.000 0.000 0.000 1000001308746553098240.000
543.739 567.198 908.057 0.000 0.000 0.000 1000000648712876982272.000
740.963 635.570 389.509 0.000 0.000 0.000 999999910114921545728.000
347.054 714.254 440.151 0.000 0.000 0.000 999999687734216097792.000
435.437 974.016 637.070 0.000 0.000 0.000 999999871901261103104.000
64.206 93.086 317.597 0.000 0.000 0.000 1000001659642990034944.000
224.943 853.368 871.231 0.000 0.000 0.000 999999747214708965376.000
463.115 311.698 340.688 0.000 0.000 0.000 999999753444704256000.000
975.139 139.132 100.638 0.000 0.000 0.000 1000000959755659116544.000
549.815 634.174 266.919 0.000 0.000 0.000 999998789141860843520.000
659.657 716.184 959.106 0.000 0.000 0.000 1000000081125872762880.000
381.459 130.585 607.533 0.000 0.000 0.000 1000000633158451331072.000
860.883 672.425 779.310 0.000 0.000 0.000 999999447973329502208.000
846.250 559.506 542.884 0.000 0.000 0.000 1000000381643797168128.000
539.914 451.642 589.068 0.000 0.000 0.000 1000001061894558187520.000
563.082 120.611 251.449 0.000 0.000 0.000 1000000482760756166656.000
1.944 626.138 992.766 0.000 0.000 0.000 1000000039565339656192.000
545.483 87.871 903.449 0.000 0.000 0.000 999999392667938586624.000
62.080 588.759 595.479 0.000 0.000 0.000 999998944175101837312.000
982.506 62.489 22.393 0.000 0.000 0.000 999999816629175713792.000
886.523 781.958 479.037 0.000 0.000 0.000 1000001468199279525888.000
27.142 736.598 55.893 0.000 0.000 0.000 999999730776087461888.000
625.901 946.907 985.311 0.000 0.000 0.000 999998342457186189312.000
671.626 503.850 235.448 0.000 0.000 0.000 999999789248023101440.000
575.750 965.204 212.678 0.000 0.000 0.000 999998330399834636288.000
527.938 428.285 695.809 0.000 0.000 0.000 999999825643410161664.000
939.529 831.149 486.790 0.000 0.000 0.000 1000000797418205085696.000
511.677 713.928 734.023 0.000 0.000 0.000 1000000217282069266432.000
338.941 368.573 794.489 0.000 0.000 0.000 999999985801575137280.000
131.505 284.897 524.816 0.000 0.000 0.000 999998939127744167936.000
994.916 280.761 187.412 0.000 0.000 0.000 1000001500551700676608.000
50.912 144.402 263.853 0.000 0.000 0.000 1000000036959701303296.000
933.714 705.163 829.476 0.000 0.000 0.000 1000001912193153236992.000
445.574 820.491 654.269 0.000 0.000 0.000 999998727976223899648.000
290.471 390.370 5.818 0.000 0.000 0.000 999999359763923992576.000
813.335 630.685 283.189 0.000 0.000 0.000 999998739208715370496.000
880.434 514.803 498.881 0.000 0.000 0.000 999999391798027747328.000
315.203 44.444 525.640 0.000 0.000 0.000 1000002335881940566016.000
890.731 726.900 749.106 0.000 0.000 0.000 1000000088020405059584.000
353.405 20.753 715.815 0.000 0.000 0.000 1000000360616430403584.000
323.119 137.745 179.484 0.000 0.000 0.000 1000001492163049291776.000
63.597 969.535 751.263 0.000 0.000 0.000 999998355509305540608.000
801.230 166.258 958.632 0.000 0.000 0.000 999999402196190101504.000
48.072 405.761 142.951 0.000 0.000 0.000 1000000146909738565632.000
611.540 35.623 945.884 0.000 0.000 0.000 999999465194645618688.000
289.594 723.582 62.914 0.000 0.000 0.000 1000001069700641456128.000
373.527 992.006 995.514 0.000 0.000 0.000 999999752135020249088.000
405.185 833.095 678.107 0.000 0.000 0.000 999999836979304726528.000
920.560 175.060 243.446 0.000 0.000 0.000 999999380493632798720.000
900.218 521.922 24.749 0.000 0.000 0.000 999998168055339810816.000
962.831 447.455 305.297 0.000 0.000 0.000 999999018797057310720.000
474.877 777.708 706.934 0.000 0.000 0.000 999999713136937533440.000
723.620 948.450 581.389 0.000 0.000 0.000 1000000100694672277504.000
629.377 96.436 313.799 0.000 0.000 0.000 1000000845795761586176.000
800.531 472.109 691.819 0.000 0.000 0.000 999999730171591393280.000
918.149 433.020 689.775 0.000 0.000 0.000 999998486086835896320.000
109.098 657.504 615.160 0.000 0.000 0.000 999998246771114508288.000
274.531 820.129 275.314 0.000 0.000 0.000 1000000124444058189824.000
703.873 239.201 776.205 0.000 0.000 0.000 999999888726588391424.000
295.830 459.702 90.248 0.000 0.000 0.000 999999901758495784960.000
498.671 17.005 154.067 0.000 0.000 0.000 999999888102169116672.000
302.018 457.532 159.832 0.000 0.000 0.000 999998742181027119104.000
865.497 553.565 700.071 0.000 0.000 0.000 999999640548294918144.000
594.315 528.625 901.010 0.000 0.000 0.000 999999488453012750336.000
480.070 502.620 276.768 0.000 0.000 0.000 1000002509802961108992.000
281.473 179.804 89.466 0.000 0.000 0.000 1000000572331092738048.000
600.484 517.662 153.156 0.000 0.000 0.000 1000000152605871046656.000
929.232 221.361 640.188 0.000 0.000 0.000 1000000833240369201152.000
874.613 76.182 489.435 0.000 0.000 0.000 999999594442354851840.000
434.425 855.003 167.557 0.000 0.000 0.000 1000000258634919051264.000
315.955 917.535 547.140 0.000 0.000 0.000 1000001835807106793472.000
274.413 80.563 181.748 0.000 0.000 0.000 1000000042916408983552.000
586.642 738.301 822.496 0.000 0.000 0.000 1000000175847732150272.000
843.911 153.714 507.298 0.000 0.000 0.000 999999212725436022784.000
797.579 195.526 23.926 0.000 0.000 0.000 1000000451156382973952.000
891.531 214.175 22.526 0.000 0.000 0.000 1000000018493827448832.000
392.989 176.163 68.056 0.000 0.000 0.000 999999663555104210944.000
864.303 170.744 631.929 0.000 0.000 0.000 999998939443046252544.000
667.421 385.429 650.315 0.000 0.000 0.000 999999775310334918656.000
512.225 769.469 116.269 0.000 0.000 0.000 1000000079602130092032.000
227.951 4.278 414.481 0.000 0.000 0.000 999999962704385409024.000
512.994 74.861 274.685 0.000 0.000 0.000 1000000134071520985088.000
422.411 174.055 250.833 0.000 0.000 0.000 1000000237009151590400.000
799.890 663.310 753.291 0.000 0.000 0.000 999999387125972074496.000
90.606 861.878 283.374 0.000 0.000 0.000 1000001123700050493440.000
740.685 227.382 519.591 0.000 0.000 0.000 999999391143114833920.000
478.157 828.540 455.131 0.000 0.000 0.000 999998393757309075456.000
668.922 790.013 122.160 0.000 0.000 0.000 999999876897283768320.000
724.719 93.113 476.839 0.000 0.000 0.000 999999941839215132672.000
653.579 321.330 386.036 0.000 0.000 0.000 1000000312947060768768.000
228.739 710.571 136.087 0.000 0.000 0.000 999999263644009103360.000
341.112 437.976 175.812 0.000 0.000 0.000 999999925094072582144.000
544.097 506.689 695.740 0.000 0.000 0.000 999999596087185375232.000
226.151 733.491 665.964 0.000 0.000 0.000 999999692654256586752.000
806.801 211.931 71.334 0.000 0.000 0.000 999999729342583799808.000
428.579 85.277 652.234 0.000 0.000 0.000 999999916930098266112.000
374.830 795.575 88.654 0.000 0.000 0.000 1000000266603239309312.000
742.459 70.374 740.639 0.000 0.000 0.000 1000000113776055025664.000
989.136 381.137 934.251 0.000 0.000 0.000 1000000930372735336448.000
577.538 890.331 121.271 0.000 0.000 0.000 1000001139528680472576.000
540.423 546.371 856.771 0.000 0.000 0.000 999999371463180419072.000
155.002 425.335 532.616 0.000 0.000 0.000 999999302569447784448.000
627.387 359.040 612.214 0.000 0.000 0.000 1000000047342103035904.000
561.481 486.877 46.525 0.000 0.000 0.000 1000002365667443474432.000
546.786 597.930 860.068 0.000 0.000 0.000 999999822745444417536.000
891.800 619.867 42.525 0.000 0.000 0.000 1000000845461719875584.000
859.200 674.202 419.014 0.000 0.000 0.000 1000000420531876659200.000
589.030 790.498 155.046 0.000 0.000 0.000 999999473310792024064.000
189.377 681.873 718.965 0.000 0.000 0.000 999999211791590621184.000
973.628 391.382 923.511 0.000 0.000 0.000 999999197625175638016.000
76.755 592.241 152.516 0.000 0.000 0.000 999999239594618650624.000
703.215 388.603 964.053 0.000 0.000 0.000 999999385970401869824.000
830.756 270.817 377.651 0.000 0.000 0.000 1000001416412946235392.000
418.854 248.197 955.285 0.000 0.000 0.000 1000000043357615947776.000
421.161 244.663 68.681 0.000 0.000 0.000 999998621038841954304.000
796.824 593.329 322.504 0.000 0.000 0.000 1000001465995040784384.000
265.097 242.224 449.971 0.000 0.000 0.000 999998804044934152192.000
595.831 569.087 461.590 0.000 0.000 0.000 1000000468031324684288.000
942.318 754.581 777.253 0.000 0.000 0.000 1000000413797756174336.000
778.952 510.438 627.270 0.000 0.000 0.000 999998430842827833344.000
185.490 717.449 263.965 0.000 0.000 0.000 1000000561797355798528.000
683.844 551.711 445.760 0.000 0.000 0.000 1000000920027463286784.000
254.143 606.274 525.978 0.000 0.000 0.000 999999325246755831808.000
616.105 922.428 663.294 0.000 0.000 0.000 1000000059026943508480.000
432.694 652.107 488.693 0.000 0.000 0.000 1000000019821549060096.000
848.844 112.964 431.551 0.000 0.000 0.000 1000000835723858280448.000
846.354 801.015 348.379 0.000 0.000 0.000 999998780642180202496.000
928.533 485.975 781.922 0.000 0.000 0.000 1000001148046277738496.000
943.521 187.190 698.626 0.000 0.000 0.000 999998527428249780224.000
862.050 653.992 14.290 0.000 0.000 0.000 1000001055533315391488.000
515.601 851.367 998.985 0.000 0.000 0.000 1000000156760540708864.000
685.583 326.590 688.878 0.000 0.000 0.000 1000000145783586553856.000
927.282 552.734 62.221 0.000 0.000 0.000 999999180297308078080.000
642.390 315.288 758.709 0.000 0.000 0.000 999999961266800295936.000
61.410 78.949 490.860 0.000 0.000 0.000 999998199492837376000.000
357.333 889.504 320.809 0.000 0.000 0.000 999999621400431689728.000
434.833 295.302 517.279 0.000 0.000 0.000 999997843619992698880.000
296.845 678.005 992.139 0.000 0.000 0.000 999999943116776538112.000
504.705 136.866 429.080 0.000 0.000 0.000 1000000439346181570560.000
509.743 70.029 917.516 0.000 0.000 0.000 999998777880989007872.000
819.245 149.838 467.819 0.000 0.000 0.000 1000000566192156704768.000
504.617 322.466 813.733 0.000 0.000 0.000 1000000890720842285056.000
768.466 269.467 908.500 0.000 0.000 0.000 999999919239850229760.000
749.661 237.462 680.163 0.000 0.000 0.000 1000002734978239692800.000
605.420 890.458 519.090 0.000 0.000 0.000 1000000647789832699904.000
128.236 61.861 994.506 0.000 0.000 0.000 1000001313481609969664.000
162.470 695.490 871.026 0.000 0.000 0.000 999998299731231375360.000
266.852 515.161 383.729 0.000 0.000 0.000 1000001074392603033600.000
740.737 960.466 34.434 0.000 0.000 0.000 1000000285976979308544.000
525.194 936.982 564.077 0.000 0.000 0.000 1000000190745640697856.000
115.384 533.113 529.281 0.000 0.000 0.000 1000000891469747322880.000
359.666 532.836 280.941 0.000 0.000 0.000 1000000026457413386240.000
686.731 695.340 48.433 0.000 0.000 0.000 1000000161652786462720.000
767.829 59.042 596.211 0.000 0.000 0.000 1000000572428225085440.000
306.268 446.120 672.306 0.000 0.000 0.000 1000000627340006653952.000
196.801 317.862 704.934 0.000 0.000 0.000 999998437620434862080.000
337.293 736.229 480.740 0.000 0.000 0.000 999999916639939330048.000
786.955 498.078 880.888 0.000 0.000 0.000 999999129348456185856.000
490.176 722.595 645.780 0.000 0.000 0.000 999999510593888583680.000
141.761 494.125 794.817 0.000 0.000 0.000 999998252034893152256.000
630.349 977.146 405.135 0.000 0.000 0.000 1000001876018016550912.000
623.571 455.482 613.834 0.000 0.000 0.000 1000001200343302799360.000
840.990 886.973 764.070 0.000 0.000 0.000 999999581563967897600.000
688.693 530.397 743.184 0.000 0.000 0.000 1000000255611315683328.000
61.674 344.038 168.107 0.000 0.000 0.000 1000000070293036466176.000
375.870 554.822 59.733 0.000 0.000 0.000 999997838568339013632.000
251.782 67.113 559.036 0.000 0.000 0.000 999997944595410190336.000
844.947 70.762 468.175 0.000 0.000 0.000 999998533079992631296.000
532.784 591.261 582.503 0.000 0.000 0.000 1000001035449575145472.000
429.105 93.604 48.139 0.000 0.000 0.000 1000000300060555608064.000
759.507 953.223 672.019 0.000 0.000 0.000 999999209973550022656.000
287.165 507.934 719.968 0.000 0.000 0.000 1000000583756333580288.000
266.782 313.665 979.925 0.000 0.000 0.000 1000000502456025481216.000
77.550 182.302 93.703 0.000 0.000 0.000 999998605437546528768.000
103.057 933.568 932.703 0.000 0.000 0.000 999997743265844953088.000
379.178 276.606 496.632 0.000 0.000 0.000 999999262156040962048.000
392.011 299.332 7.335 0.000 0.000 0.000 999999318254731919360.000
646.959 449.055 682.532 0.000 0.000 0.000 1000001089182450057216.000
73.750 388.910 437.855 0.000 0.000 0.000 999998223573070512128.000
938.155 960.476 758.630 0.000 0.000 0.000 1000000808265172779008.000
926.657 637.146 687.932 0.000 0.000 0.000 1000000166685550051328.000
100.183 169.065 595.735 0.000 0.000 0.000 1000001911233450475520.000
659.436 47.711 599.651 0.000 0.000 0.000 999999485955546415104.000
767.126 899.094 281.148 0.000 0.000 0.000 999999897877824536576.000
389.364 430.867 551.127 0.000 0.000 0.000 1000001587275191418880.000
875.852 559.352 544.583 0.000 0.000 0.000 1000000219057839407104.000
920.206 354.356 558.842 0.000 0.000 0.000 1000001605396926824448.000
950.281 275.832 778.642 0.000 0.000 0.000 999999387281885757440.000
437.726 269.039 22.611 0.000 0.000 0.000 1000001692844382617600.000
939.579 835.022 800.159 0.000 0.000 0.000 1000000774493944020992.000
558.181 117.958 672.112 0.000 0.000 0.000 999999877796415930368.000
147.753 50.267 242.019 0.000 0.000 0.000 1000000991761557094400.000
881.693 271.198 311.822 0.000 0.000 0.000 1000000590273889959936.000
266.679 196.810 907.563 0.000 0.000 0.000 1000000382678734864384.000
110.159 764.871 657.320 0.000 0.000 0.000 1000001291538259509248.000
723.015 626.045 52.973 0.000 0.000 0.000 999998426399815106560.000
353.659 427.654 455.763 0.000 0.000 0.000 999999790513467162624.000
702.112 145.487 315.949 0.000 0.000 0.000 999999296623488401408.000
48.997 843.896 50.527 0.000 0.000 0.000 1000000248566553509888.000
502.472 245.600 976.930 0.000 0.000 0.000 1000000632646980206592.000
153.146 368.888 695.493 0.000 0.000 0.000 999999323569967595520.000
940.492 162.539 851.447 0.000 0.000 0.000 999999498515780206592.000
629.657 674.176 142.482 0.000 0.000 0.000 999999988340420378624.000
934.821 464.835 406.342 0.000 0.000 0.000 999999494857617178624.000
621.087 256.940 14.150 0.000 0.000 0.000 999999751495363198976.000
779.535 908.064 810.448 0.000 0.000 0.000 1000001035732585807872.000
550.123 350.645 97.563 0.000 0.000 0.000 1000000118806856335360.000
947.060 284.979 855.637 0.000 0.000 0.000 1000001688744200896512.000
958.016 556.120 629.711 0.000 0.000 0.000 1000000413081301417984.000
595.870 969.693 861.845 0.000 0.000 0.000 1000001276928526123008.000
323.034 827.781 92.167 0.000 0.000 0.000 1000000237934735261696.000
425.379 654.148 914.571 0.000 0.000 0.000 999999596677598674944.000
403.022 452.232 821.806 0.000 0.000 0.000 1000000788507299151872.000
600.666 114.882 410.509 0.000 0.000 0.000 1000001129238760128512.000
259.097 391.717 500.284 0.000 0.000 0.000 1000000637539453763584.000
787.831 383.150 157.292 0.000 0.000 0.000 999997709524951498752.000
339.005 681.813 901.327 0.000 0.000 0.000 999999979690411556864.000
606.334 324.739 253.120 0.000 0.000 0.000 999997602230669672448.000
216.172 572.926 262.716 0.000 0.000 0.000 1000000428986578501632.000
948.072 398.379 113.058 0.000 0.000 0.000 1000000150630528188416.000
853.822 409.244 662.077 0.000 0.000 0.000 999999954399495323648.000
477.408 72.855 680.254 0.000 0.000 0.000 999998364596591132672.000
514.174 460.993 813.699 0.000 0.000 0.000 999999599257314394112.000
20.125 819.108 332.023 0.000 0.000 0.000 999999572185636012032.000
563.389 194.023 784.940 0.000 0.000 0.000 1000001093626376486912.000
936.724 798.368 869.533 0.000 0.000 0.000 999999006791424802816.000
187.644 212.118 922.001 0.000 0.000 0.000 1000000029987984375808.000
542.807 249.961 395.705 0.000 0.000 0.000 1000000855632732487680.000
206.999 374.254 572.580 0.000 0.000 0.000 1000001297075478200320.000
131.710 881.535 23.962 0.000 0.000 0.000 1000001642916862754816.000
152.618 631.804 837.413 0.000 0.000 0.000 1000001346219763433472.000
680.535 798.393 626.625 0.000 0.000 0.000 1000000205122334359552.000
724.168 866.077 459.717 0.000 0.000 0.000 999999444050771574784.000
726.091 603.961 525.089 0.000 0.000 0.000 1000001632734543740928.000
516.798 819.409 499.360 0.000 0.000 0.000 1000000344012381880320.000
100.247 419.224 59.163 0.000 0.000 0.000 1000000990311261405184.000
288.006 310.964 731.766 0.000 0.000 0.000 999999202038017687552.000
539.121 4.167 843.649 0.000 0.000 0.000 1000000925073138384896.000
65.520 944.579 621.643 0.000 0.000 0.000 1000001176604427419648.000
684.625 208.988 918.593 0.000 0.000 0.000 999999213381982093312.000
299.756 713.744 828.698 0.000 0.000 0.000 1000000927203780198400.000
749.936 546.013 431.993 0.000 0.000 0.000 999999957159617495040.000
127.670 127.756 887.169 0.000 0.000 0.000 999999764943135703040.000
996.001 466.153 463.734 0.000 0.000 0.000 1000000059366660505600.000
240.741 721.909 353.598 0.000 0.000 0.000 1000000455616240943104.000
101.709 756.505 478.399 0.000 0.000 0.000 1000000114682210811904.000
10.792 596.097 955.787 0.000 0.000 0.000 999999960265402482688.000
155.412 816.335 178.667 0.000 0.000 0.000 999999339173131190272.000
233.204 857.586 683.229 0.000 0.000 0.000 1000000539253849325568.000
863.027 458.792 68.812 0.000 0.000 0.000 999999457584790372352.000
474.109 598.336 315.995 0.000 0.000 0.000 999998380612011032576.000
662.730 93.363 165.638 0.000 0.000 0.000 1000001181363121684480.000
62.326 583.942 603.366 0.000 0.000 0.000 999999509976101421056.000
70.736 954.725 39.442 0.000 0.000 0.000 1000000807766137765888.000
352.871 677.820 602.962 0.000 0.000 0.000 1000000032823611359232.000
263.438 787.319 815.141 0.000 0.000 0.000 1000000542693183586304.000
678.054 18.708 794.401 0.000 0.000 0.000 999999137142348185600.000
346.040 37.156 696.655 0.000 0.000 0.000 999998775401054994432.000
310.970 695.511 941.327 0.000 0.000 0.000 999999152945039278080.000
328.347 294.212 917.958 0.000 0.000 0.000 1000000341382677921792.000
419.183 206.786 891.793 0.000 0.000 0.000 999999200610314616832.000
22.964 97.403 179.663 0.000 0.000 0.000 999998818431493341184.000
742.668 400.646 721.365 0.000 0.000 0.000 1000003106657881686016.000
477.616 648.458 561.472 0.000 0.000 0.000 1000000274887095877632.000
240.667 679.449 85.139 0.000 0.000 0.000 1000000020425989423104.000
102.317 177.971 558.864 0.000 0.000 0.000 1000000068415611731968.000
345.478 913.559 432.015 0.000 0.000 0.000 999999701268532428800.000
177.179 891.205 91.648 0.000 0.000 0.000 999999363924796768256.000
991.277 982.858 288.806 0.000 0.000 0.000 999999818553420677120.000
861.109 735.597 347.461 0.000 0.000 0.000 999999120886211674112.000
853.285 501.126 396.333 0.000 0.000 0.000 999999432451187802112.000
877.986 682.900 758.579 0.000 0.000 0.000 1000000692887120379904.000
647.208 317.168 393.905 0.000 0.000 0.000 999998864091749154816.000
833.932 171.798 152.462 0.000 0.000 0.000 999998986899027918848.000
765.085 401.679 843.264 0.000 0.000 0.000 999999908616252948480.000
646.706 657.396 331.404 0.000 0.000 0.000 1000001017411596845056.000
631.412 665.606 29.216 0.000 0.000 0.000 1000000565179008811008.000
580.650 514.560 71.906 0.000 0.000 0.000 999998842623023906816.000
740.859 120.537 794.579 0.000 0.000 0.000 999999158043628535808.000
226.770 39.630 462.091 0.000 0.000 0.000 1000001129606804275200.000
75.467 431.184 632.642 0.000 0.000 0.000 1000000155222876618752.000
79.503 91.255 990.845 0.000 0.000 0.000 999999611532264865792.000
138.810 300.430 204.968 0.000 0.000 0.000 999999352199062618112.000
224.659 61.131 625.440 0.000 0.000 0.000 1000000914074983333888.000
522.984 442.532 254.825 0.000 0.000 0.000 1000000053790544887808.000
681.982 896.578 403.582 0.000 0.000 0.000 1000000238495937462272.000
368.307 915.810 422.226 0.000 0.000 0.000 999999789605023907840.000
639.643 873.193 851.026 0.000 0.000 0.000 1000001464182700900352.000
235.403 422.268 909.164 0.000 0.000 0.000 999999800805437734912.000
68.591 572.742 165.251 0.000 0.000 0.000 1000001685875804078080.000
437.280 499.610 413.014 0.000 0.000 0.000 1000000752201557344256.000
580.100 205.065 975.666 0.000 0.000 0.000 999999849750252879872.000
145.460 585.405 454.573 0.000 0.000 0.000 999998019353038684160.000
465.108 134.628 441.559 0.000 0.000 0.000 999999376689156325376.000
113.356 689.319 525.220 0.000 0.000 0.000 999999743651261972480.000
83.726 801.272 890.572 0.000 0.000 0.000 1000000802579826606080.000
557.124 70.284 498.748 0.000 0.000 0.000 999998886854223069184.000
2.843 38.606 69.153 0.000 0.000 0.000 999999270253691404288.000
387.781 137.709 8.510 0.000 0.000 0.000 1000000563497956016128.000
822.773 835.070 301.078 0.000 0.000 0.000 999999649495594303488.000
983.826 975.101 926.738 0.000 0.000 0.000 1000000140546077622272.000
479.861 89.027 618.402 0.000 0.000 0.000 1000001055416903794688.000
764.339 402.870 865.021 0.000 0.000 0.000 999999396046628716544.000
948.162 35.450 297.196 0.000 0.000 0.000 999999280032988921856.000
389.989 835.880 269.833 0.000 0.000 0.000 999999670088480849920.000
62.517 638.807 355.549 0.000 0.000 0.000 999999615810244706304.000
866.246 182.404 315.130 0.000 0.000 0.000 999999864079917907968.000
551.527 146.290 306.268 0.000 0.000 0.000 999999092811027841024.000
825.780 421.897 33.022 0.000 0.000 0.000 1000001341420509200384.000
583.560 162.240 535.989 0.000 0.000 0.000 1000000332103486406656.000
329.474 849.724 268.555 0.000 0.000 0.000 1000000821649401184256.000
665.873 291.244 715.116 0.000 0.000 0.000 1000002539517261774848.000
358.062 646.657 376.525 0.000 0.000 0.000 1000000084849056808960.000
113.036 860.548 81.901 0.000 0.000 0.000 999999738602336157696.000
480.579 863.151 311.812 0.000 0.000 0.000 1000000470271260491776.000
894.102 873.686 314.947 0.000 0.000 0.000 1000001249701645910016.000
18.473 593.607 771.936 0.000 0.000 0.000 999996589382595248128.000
65.431 195.226 59.713 0.000 0.000 0.000 1000000825771316477952.000
232.853 161.221 69.690 0.000 0.000 0.000 1000000395762691604480.000
592.640 914.883 659.570 0.000 0.000 0.000 1000000746620371468288.000
962.348 457.119 35.431 0.000 0.000 0.000 1000000026212523835392.000
688.620 698.547 266.263 0.000 0.000 0.000 999999994685778952192.000
234.777 851.027 457.815 0.000 0.000 0.000 1000000516751555952640.000
263.535 926.808 284.257 0.000 0.000 0.000 1000000790726540787712.000
661.986 159.940 392.666 0.000 0.000 0.000 999999316722030477312.000
673.885 372.956 188.676 0.000 0.000 0.000 1000000499876939825152.000
811.246 482.941 789.481 0.000 0.000 0.000 999999603654398574592.000
880.596 302.574 191.653 0.000 0.000 0.000 1000000316378668072960.000
380.020 48.269 3.284 0.000 0.000 0.000 1000000295928682774528.000
855.062 27.022 390.685 0.000 0.000 0.000 1000000592299665391616.000
935.154 565.084 246.827 0.000 0.000 0.000 1000000162747059666944.000
726.791 945.181 633.394 0.000 0.000 0.000 1000001383882359701504.000
710.129 247.084 717.061 0.000 0.000 0.000 1000000182711266312192.000
949.087 770.072 608.291 0.000 0.000 0.000 999999200040396390400.000
201.075 560.753 624.678 0.000 0.000 0.000 1000000057772915687424.000
787.065 195.041 232.985 0.000 0.000 0.000 1000001635233316995072.000
844.972 455.067 77.300 0.000 0.000 0.000 1000002061271927619584.000
199.328 698.185 956.700 0.000 0.000 0.000 1000001210862691680256.000
67.417 887.412 780.018 0.000 0.000 0.000 1000000556758488449024.000
887.928 573.162 237.237 0.000 0.000 0.000 999999562096571711488.000
101.653 291.214 546.804 0.000 0.000 0.000 999998592441801768960.000
397.745 269.360 197.869 0.000 0.000 0.000 1000000696928380649472.000
93.482 702.669 522.855 0.000 0.000 0.000 999999880507292647424.000
182.051 417.559 340.918 0.000 0.000 0.000 999999743436934742016.000
257.176 198.176 948.274 0.000 0.000 0.000 1000000270147819012096.000
473.777 52.074 676.709 0.000 0.000 0.000 1000004340794979254272.000
411.882 570.901 100.264 0.000 0.000 0.000 1000000585283219881984.000
651.957 848.918 777.616 0.000 0.000 0.000 1000000017626618003456.000
243.164 482.134 820.920 0.000 0.000 0.000 999998150103359946752.000
439.106 284.609 880.748 0.000 0.000 0.000 1000000165712264691712.000
175.281 37.355 984.129 0.000 0.000 0.000 999998937247826444288.000
609.734 388.784 70.441 0.000 0.000 0.000 1000000651950240825344.000
95.101 918.032 818.147 0.000 0.000 0.000 1000000097148453912576.000
698.820 465.778 304.950 0.000 0.000 0.000 999999416812849594368.000
512.215 310.532 855.032 0.000 0.000 0.000 1000000449556127809536.000
728.670 179.682 609.557 0.000 0.000 0.000 999999898157253394432.000
184.939 254.502 203.728 0.000 0.000 0.000 999998301856584957952.000
806.177 254.924 953.618 0.000 0.000 0.000 1000000038095164538880.000
214.604 143.131 330.047 0.000 0.000 0.000 999998195457968308224.000
960.363 37.829 831.941 0.000 0.000 0.000 999999893473081032704.000
210.282 13.324 566.009 0.000 0.000 0.000 999999610450966085632.000
252.723 424.217 657.670 0.000 0.000 0.000 999998860029782786048.000
691.832 392.987 488.548 0.000 0.000 0.000 999998737960349859840.000
841.325 510.201 877.351 0.000 0.000 0.000 999998803746990063616.000
953.739 278.129 244.963 0.000 0.000 0.000 999998222736765222912.000
494.706 954.794 57.396 0.000 0.000 0.000 999998602215492288512.000
313.003 629.141 977.854 0.000 0.000 0.000 999998971117778501632.000
970.395 341.865 818.525 0.000 0.000 0.000 999999849335829430272.000
593.867 18.554 90.623 0.000 0.000 0.000 999999465228491685888.000
