10000.000 0.100 1000
1338.766 1364.070 4512.149 0.000 0.000 0.000 999999937746599673856.000
744.250 5698.471 6352.312 0.000 0.000 0.000 1000000875565960658944.000
894.532 5561.789 7896.520 0.000 0.000 0.000 999999586031617966080.000
2497.779 2918.647 8032.363 0.000 0.000 0.000 999998583145531572224.000
4745.938 2699.395 2860.418 0.000 0.000 0.000 999999725818528137216.000
3061.867 3217.591 1131.741 0.000 0.000 0.000 1000001630278861193216.000
1193.532 691.190 6947.609 0.000 0.000 0.000 1000001166908847554560.000
3925.239 5299.373 3983.705 0.000 0.000 0.000 1000000594286765408256.000
1903.571 5969.908 8884.203 0.000 0.000 0.000 999999604565892530176.000
2832.649 8853.046 2617.748 0.000 0.000 0.000 999999889143744561152.000
5204.851 195.213 5066.882 0.000 0.000 0.000 1000000431796491517952.000
4943.113 5507.866 7288.384 0.000 0.000 0.000 999999506548068974592.000
140.257 4498.011 1832.495 0.000 0.000 0.000 1000000220448245809152.000
5764.305 9238.692 243.946 0.000 0.000 0.000 999999855830366158848.000
7649.178 7492.092 7635.566 0.000 0.000 0.000 1000000035116252397568.000
4855.575 2460.527 9614.319 0.000 0.000 0.000 1000000264840825274368.000
6609.523 5412.086 5970.584 0.000 0.000 0.000 1000001780487144734720.000
7207.569 4595.561 6360.310 0.000 0.000 0.000 1000000682028364070912.000
7746.781 8969.033 6731.198 0.000 0.000 0.000 999999981815441522688.000
7286.962 7806.368 2708.509 0.000 0.000 0.000 999998839432489467904.000
1406.936 7732.141 4738.330 0.000 0.000 0.000 1000001074630358073344.000
8796.179 7650.783 431.865 0.000 0.000 0.000 1000001403579101216768.000
8666.965 2683.610 9541.998 0.000 0.000 0.000 999999818321709498368.000
4102.422 7179.400 6483.457 0.000 0.000 0.000 999999632252787359744.000
5909.585 942.489 1010.840 0.000 0.000 0.000 1000000760010524327936.000
3535.616 4969.176 6651.509 0.000 0.000 0.000 999998986481871618048.000
6643.756 3079.789 2244.982 0.000 0.000 0.000 1000000626648157519872.000
1517.842 7866.614 4990.950 0.000 0.000 0.000 1000000793046320676864.000
2643.267 5042.201 4932.220 0.000 0.000 0.000 1000000250499638755328.000
2269.290 2827.057 4101.692 0.000 0.000 0.000 999997686907807072256.000
1248.554 8101.798 8560.866 0.000 0.000 0.000 1000001830193586896896.000
226.000 8828.393 6582.207 0.000 0.000 0.000 999999754011294957568.000
7229.612 3697.056 476.587 0.000 0.000 0.000 1000002408930105491456.000
3660.275 3947.240 6943.483 0.000 0.000 0.000 1000000278681336414208.000
1796.626 4647.667 5934.988 0.000 0.000 0.000 999999580052065091584.000
4822.794 4321.382 2969.465 0.000 0.000 0.000 999999964241595465728.000
935.853 3279.214 1305.974 0.000 0.000 0.000 1000001081094036520960.000
5288.592 322.123 9413.452 0.000 0.000 0.000 999999545595901509632.000
2103.106 3229.001 5285.522 0.000 0.000 0.000 1000000137373628891136.000
5159.271 3746.454 2720.680 0.000 0.000 0.000 1000000745292824444928.000
4434.875 6319.132 4850.795 0.000 0.000 0.000 1000000248038101483520.000
5806.826 4900.188 2090.409 0.000 0.000 0.000 1000000730196845264896.000
2104.388 4865.451 8743.109 0.000 0.000 0.000 999999766681756631040.000
4524.532 5646.652 2132.378 0.000 0.000 0.000 1000000422989434191872.000
480.867 7106.628 6314.419 0.000 0.000 0.000 1000002388885943091200.000
590.945 4099.331 7521.019 0.000 0.000 0.000 999999614002001608704.000
1051.960 7052.425 846.267 0.000 0.000 0.000 1000000312714911023104.000
8912.189 9513.679 203.172 0.000 0.000 0.000 1000001161092016504832.000
6069.533 5005.076 4232.533 0.000 0.000 0.000 999999131968189628416.000
5148.606 5068.931 4654.805 0.000 0.000 0.000 1000000806738967265280.000
4495.232 1429.547 5839.826 0.000 0.000 0.000 999999169869550583808.000
4770.129 5318.228 2608.334 0.000 0.000 0.000 1000001863752213463040.000
9053.717 2599.809 6845.486 0.000 0.000 0.000 1000000702201855475712.000
9551.180 7853.359 7026.839 0.000 0.000 0.000 1000000225873485496320.000
3795.812 4789.390 3815.201 0.000 0.000 0.000 1000001455922808487936.000
9898.096 3727.519 7668.777 0.000 0.000 0.000 1000001217043157745664.000
1463.583 5712.167 2332.492 0.000 0.000 0.000 1000001002126533066752.000
8047.490 7254.712 4029.668 0.000 0.000 0.000 999998927167848841216.000
2026.810 1405.767 4196.039 0.000 0.000 0.000 999999854278977257472.000
3402.676 7045.240 166.860 0.000 0.000 0.000 999998656265058779136.000
4653.364 4321.950 8596.011 0.000 0.000 0.000 999998374508875218944.000
6582.262 613.016 5757.020 0.000 0.000 0.000 1000001023525354995712.000
8070.403 9150.606 9457.705 0.000 0.000 0.000 999999754659278749696.000
4078.868 8063.620 3617.208 0.000 0.000 0.000 1000000142319117271040.000
3166.552 6391.012 6353.007 0.000 0.000 0.000 999999021291659460608.000
8943.177 9776.593 3994.709 0.000 0.000 0.000 999997154646279061504.000
2158.613 8188.132 8744.299 0.000 0.000 0.000 999999773560788615168.000
8569.522 980.720 6842.640 0.000 0.000 0.000 1000000195192598429696.000
2518.653 6727.177 1125.467 0.000 0.000 0.000 999998573205850554368.000
3690.363 9156.653 7846.031 0.000 0.000 0.000 999999902207014731776.000
2436.405 7115.997 592.449 0.000 0.000 0.000 1000002080252151070720.000
3822.787 2451.848 7199.133 0.000 0.000 0.000 999999902258122850304.000
2195.807 6969.630 5011.807 0.000 0.000 0.000 1000000603409553293312.000
9323.366 3404.305 8476.266 0.000 0.000 0.000 999999359763572850688.000
9845.806 3708.893 6433.463 0.000 0.000 0.000 1000000217570068922368.000
1538.221 4791.259 6182.176 0.000 0.000 0.000 999999641270129524736.000
9914.783 8048.129 6647.477 0.000 0.000 0.000 1000001962214805471232.000
8937.391 1981.091 9921.296 0.000 0.000 0.000 999998691005952032768.000
7681.229 9903.808 7282.122 0.000 0.000 0.000 999997437295235563520.000
4075.861 9513.751 8860.677 0.000 0.000 0.000 999998858458758119424.000
3554.774 7583.138 7450.397 0.000 0.000 0.000 999996511012348887040.000
545.966 8910.591 7830.725 0.000 0.000 0.000 999999992949473804288.000
5301.034 5250.242 3964.539 0.000 0.000 0.000 999999123023157657600.000
7148.216 4289.340 9407.596 0.000 0.000 0.000 999999627383727194112.000
2618.579 5009.575 9893.183 0.000 0.000 0.000 999998591224484593664.000
9794.570 4062.864 6909.078 0.000 0.000 0.000 1000000677855068684288.000
5410.233 7650.975 1566.853 0.000 0.000 0.000 1000001051005020274688.000
4963.576 2708.312 5094.297 0.000 0.000 0.000 1000001082254596374528.000
1547.122 3715.415 2721.599 0.000 0.000 0.000 1000000005861881151488.000
147.546 7246.193 7453.384 0.000 0.000 0.000 999999148273513136128.000
4120.625 5482.572 8339.302 0.000 0.000 0.000 1000001183130721189888.000
9925.680 3980.903 5626.176 0.000 0.000 0.000 999998706044949102592.000
1946.374 1717.275 4812.869 0.000 0.000 0.000 1000001467071322259456.000
9644.393 4739.929 8961.454 0.000 0.000 0.000 999998934159347548160.000
4335.980 6446.652 5983.062 0.000 0.000 0.000 999998681807153266688.000
876.960 3367.188 5362.245 0.000 0.000 0.000 999998901021179641856.000
4666.020 7742.867 7740.808 0.000 0.000 0.000 999999758286134181888.000
3337.224 5821.898 4668.961 0.000 0.000 0.000 1000001695950998077440.000
8962.190 912.746 3222.527 0.000 0.000 0.000 1000001449478195773440.000
6987.430 6922.854 7133.569 0.000 0.000 0.000 1000000280461975224320.000
5494.823 8799.036 3551.540 0.000 0.000 0.000 1000002291803828912128.000
9596.324 4284.200 5583.813 0.000 0.000 0.000 1000000695055438446592.000
5294.695 2671.825 7327.837 0.000 0.000 0.000 1000001190622247124992.000
2366.244 9550.225 946.467 0.000 0.000 0.000 1000000430778120142848.000
1335.733 3297.928 1050.192 0.000 0.000 0.000 1000000783534273986560.000
3960.958 1063.212 9892.744 0.000 0.000 0.000 1000001090837673148416.000
2241.838 6971.396 4794.987 0.000 0.000 0.000 999999831124604354560.000
5119.238 9897.958 6263.667 0.000 0.000 0.000 999998443444785905664.000
7680.182 1566.942 8047.353 0.000 0.000 0.000 999999402913400750080.000
2901.164 6654.426 8605.010 0.000 0.000 0.000 999999311679286542336.000
6043.344 8383.711 4571.793 0.000 0.000 0.000 1000001103924310704128.000
7375.078 4249.817 770.333 0.000 0.000 0.000 1000002531274944020480.000
9192.423 3987.564 4787.140 0.000 0.000 0.000 999999894623634718720.000
4355.042 2297.373 5154.414 0.000 0.000 0.000 1000000965374433034240.000
5745.021 825.014 3432.848 0.000 0.000 0.000 1000000961348508712960.000
8097.359 6246.178 6673.858 0.000 0.000 0.000 999999326208931659776.000
2408.571 8209.747 9582.722 0.000 0.000 0.000 999998668414849777664.000
4992.769 6295.543 4933.452 0.000 0.000 0.000 999999524478764843008.000
5360.099 351.984 6284.343 0.000 0.000 0.000 999999542356406304768.000
3130.255 5191.426 2958.579 0.000 0.000 0.000 1000000159919290712064.000
7908.786 5377.873 2997.354 0.000 0.000 0.000 999999735904854212608.000
4892.753 5293.975 2162.014 0.000 0.000 0.000 1000000048087951605760.000
7628.491 6852.064 4551.075 0.000 0.000 0.000 999999976155642200064.000
2097.515 5464.564 4238.814 0.000 0.000 0.000 999998525406811389952.000
9420.523 5341.473 1450.186 0.000 0.000 0.000 1000001295288998297600.000
6009.960 6706.838 2091.605 0.000 0.000 0.000 1000002086626671591424.000
6311.967 9181.659 5129.971 0.000 0.000 0.000 1000000097073397366784.000
3220.009 324.968 9846.079 0.000 0.000 0.000 1000000319710740217856.000
6110.664 2463.782 4100.753 0.000 0.000 0.000 1000001164903698661376.000
779.713 2524.101 6031.312 0.000 0.000 0.000 999999941663410880512.000
7158.744 2974.548 4333.539 0.000 0.000 0.000 1000001137057635893248.000
6707.780 9453.180 6951.223 0.000 0.000 0.000 1000001369796211507200.000
2379.695 9756.329 6080.080 0.000 0.000 0.000 1000000002020802691072.000
6215.236 5540.874 5470.884 0.000 0.000 0.000 1000000221524049657856.000
2182.706 1822.469 213.581 0.000 0.000 0.000 1000000642290993725440.000
4109.541 3601.384 3278.613 0.000 0.000 0.000 1000002565020435087360.000
6645.553 4589.892 5262.325 0.000 0.000 0.000 999999495523004973056.000
9056.574 9527.145 7711.374 0.000 0.000 0.000 999999423827202801664.000
4883.654 5603.058 1151.204 0.000 0.000 0.000 1000000355372142952448.000
7128.365 6054.017 5260.179 0.000 0.000 0.000 999999482435499065344.000
5254.592 9362.214 6612.192 0.000 0.000 0.000 1000001056337199235072.000
7624.031 5588.433 1316.933 0.000 0.000 0.000 1000000547266193915904.000
9651.074 6024.352 5034.942 0.000 0.000 0.000 1000000671172810113024.000
9457.759 1435.555 9673.738 0.000 0.000 0.000 999998926046058381312.000
2264.817 3746.656 1433.117 0.000 0.000 0.000 999999931168641646592.000
9408.582 6614.025 3692.770 0.000 0.000 0.000 999999116708345151488.000
678.360 5928.482 77.979 0.000 0.000 0.000 1000000877567740346368.000
1784.822 3292.985 9702.805 0.000 0.000 0.000 999999810448279732224.000
3917.462 542.207 1049.137 0.000 0.000 0.000 999996456995544104960.000
1140.820 6195.597 5571.008 0.000 0.000 0.000 1000000236089512034304.000
2214.860 7004.599 7505.679 0.000 0.000 0.000 999999884448066174976.000
3743.980 8873.641 944.673 0.000 0.000 0.000 999999586847462653952.000
6511.762 9810.761 9419.921 0.000 0.000 0.000 999999961294516518912.000
5849.060 7804.608 5451.451 0.000 0.000 0.000 1000000999608550555648.000
6384.497 8891.935 788.543 0.000 0.000 0.000 999999356915611074560.000
7570.944 6559.281 3243.924 0.000 0.000 0.000 999999874155921276928.000
3574.752 2476.119 522.498 0.000 0.000 0.000 1000000444011443388416.000
5302.055 6601.703 2500.182 0.000 0.000 0.000 999999701276149284864.000
1165.341 4326.592 7711.829 0.000 0.000 0.000 999998999917952761856.000
9963.987 2135.489 7576.915 0.000 0.000 0.000 999999605473118781440.000
8956.590 2126.198 3751.773 0.000 0.000 0.000 999999925663899582464.000
8570.621 7644.735 5182.050 0.000 0.000 0.000 999998449180030271488.000
9191.578 1897.990 9624.082 0.000 0.000 0.000 999999535546248069120.000
8661.013 8385.360 6152.095 0.000 0.000 0.000 999999607772111831040.000
6336.717 8252.490 2448.499 0.000 0.000 0.000 999999639269397626880.000
5656.608 9054.746 9843.422 0.000 0.000 0.000 1000000895611752284160.000
5120.649 5133.248 7683.583 0.000 0.000 0.000 999999464777818701824.000
7254.241 949.978 8291.195 0.000 0.000 0.000 999999336709776080896.000
1200.700 1111.862 6853.003 0.000 0.000 0.000 1000000294990234124288.000
4943.529 7121.237 7333.201 0.000 0.000 0.000 1000000037219940433920.000
9025.898 5298.403 9984.384 0.000 0.000 0.000 999998955504732602368.000
7424.077 605.713 1334.344 0.000 0.000 0.000 1000000526186481713152.000
4549.553 3135.075 8132.439 0.000 0.000 0.000 1000002219028669267968.000
9557.002 3365.400 5487.753 0.000 0.000 0.000 999999507087051849728.000
4147.816 9653.503 4289.656 0.000 0.000 0.000 1000000209688272568320.000
4281.933 9924.863 8218.223 0.000 0.000 0.000 999998806367246221312.000
9433.193 2239.929 7546.791 0.000 0.000 0.000 1000000255239052591104.000
8579.102 774.262 5428.122 0.000 0.000 0.000 1000001032236302467072.000
6169.753 1316.162 1275.315 0.000 0.000 0.000 999998309673010200576.000
1661.152 2650.521 6026.601 0.000 0.000 0.000 1000000662212112285696.000
4838.836 7240.715 64.437 0.000 0.000 0.000 999997879915128946688.000
8848.831 9139.493 9480.317 0.000 0.000 0.000 1000000248005861965824.000
2475.021 5307.973 938.832 0.000 0.000 0.000 1000001906647623008256.000
5761.713 4819.230 8537.289 0.000 0.000 0.000 999999583934380900352.000
1546.915 7363.256 5040.957 0.000 0.000 0.000 999999511992677433344.000
4696.482 4060.302 2646.327 0.000 0.000 0.000 999999866999440670720.000
3066.448 3860.494 5233.363 0.000 0.000 0.000 1000001088590988181504.000
7817.241 6364.179 5907.736 0.000 0.000 0.000 1000000225679560933376.000
6569.521 8036.725 938.181 0.000 0.000 0.000 999999749865884614656.000
8714.260 1038.786 4230.152 0.000 0.000 0.000 1000000991510309371904.000
8390.261 701.913 1981.385 0.000 0.000 0.000 999999927647711002624.000
9545.810 9069.530 6863.462 0.000 0.000 0.000 1000000105817826131968.000
1251.855 5619.772 8541.069 0.000 0.000 0.000 1000001243515378335744.000
9804.185 9036.815 7451.215 0.000 0.000 0.000 1000000213251653369856.000
1849.329 4613.856 6536.265 0.000 0.000 0.000 999999780018475892736.000
5278.926 1530.945 5218.247 0.000 0.000 0.000 999999647193186828288.000
9346.824 9178.835 5666.405 0.000 0.000 0.000 999998791474276597760.000
8364.097 4986.995 9913.160 0.000 0.000 0.000 999998470158247002112.000
9814.361 4549.405 2713.698 0.000 0.000 0.000 999999057895979220992.000
7290.266 5269.648 4367.106 0.000 0.000 0.000 999999343473426300928.000
557.936 4639.592 5370.719 0.000 0.000 0.000 1000000911066871103488.000
5851.753 6204.717 8354.859 0.000 0.000 0.000 999999142797145669632.000
1326.866 6653.986 770.693 0.000 0.000 0.000 999998480704075464704.000
3275.743 6079.010 2057.323 0.000 0.000 0.000 1000000186534978912256.000
1972.697 5915.292 3319.076 0.000 0.000 0.000 1000001028854032105472.000
5352.332 4575.360 2890.477 0.000 0.000 0.000 1000000463033738985472.000
9568.413 1352.760 5047.747 0.000 0.000 0.000 1000000724181910028288.000
5002.255 6012.234 5891.975 0.000 0.000 0.000 999998460710401736704.000
1442.555 6092.411 1206.984 0.000 0.000 0.000 1000000704337741479936.000
9984.685 4532.377 3220.094 0.000 0.000 0.000 999999259977191653376.000
8025.190 3230.992 2527.929 0.000 0.000 0.000 999999495995964915712.000
5981.441 7556.856 5800.254 0.000 0.000 0.000 1000000375391379652608.000
571.226 2721.049 7317.444 0.000 0.000 0.000 1000000058049158578176.000
6713.771 3140.831 6784.450 0.000 0.000 0.000 1000000332133165826048.000
4298.771 1973.190 122.429 0.000 0.000 0.000 999998726056528838656.000
8774.392 7123.228 7337.889 0.000 0.000 0.000 1000000589605470208000.000
4029.634 8640.965 7043.831 0.000 0.000 0.000 999999981753844891648.000
7896.818 6968.731 3458.431 0.000 0.000 0.000 1000000411968133660672.000
6516.376 8350.284 7491.595 0.000 0.000 0.000 1000001496817012178944.000
8125.216 6552.047 6149.681 0.000 0.000 0.000 999999196545695088640.000
6071.233 2646.136 2145.947 0.000 0.000 0.000 999999815173827461120.000
2201.662 2469.830 7817.523 0.000 0.000 0.000 999998807015302103040.000
6801.995 9178.688 8467.625 0.000 0.000 0.000 999998562045460742144.000
6866.002 9094.041 5149.471 0.000 0.000 0.000 999999269879110959104.000
4297.622 2393.109 3062.338 0.000 0.000 0.000 999999695762280677376.000
4602.247 7405.987 6314.192 0.000 0.000 0.000 1000001521506843099136.000
2536.064 2823.476 3897.324 0.000 0.000 0.000 1000000503350535913472.000
4875.712 5307.159 8179.499 0.000 0.000 0.000 999999938988001722368.000
1932.692 1468.419 2036.344 0.000 0.000 0.000 999999784815738486784.000
5745.898 2825.069 1276.462 0.000 0.000 0.000 999998187373709885440.000
4949.322 6926.783 4292.751 0.000 0.000 0.000 1000001058760169750528.000
2644.765 4198.629 3404.949 0.000 0.000 0.000 999999330079575769088.000
6332.103 7168.479 8384.543 0.000 0.000 0.000 999999622505288957952.000
9577.439 7120.213 6506.737 0.000 0.000 0.000 1000000782689368539136.000
5292.283 6899.122 7096.644 0.000 0.000 0.000 999999895403939364864.000
7188.743 3784.729 3080.235 0.000 0.000 0.000 999999093303936811008.000
1445.533 2229.891 1906.465 0.000 0.000 0.000 999998673772400082944.000
6894.973 6173.371 6300.278 0.000 0.000 0.000 999999226249405792256.000
9126.628 4350.266 8293.153 0.000 0.000 0.000 1000000204395671060480.000
1702.487 4378.409 3843.723 0.000 0.000 0.000 1000000185172009811968.000
4662.276 7514.396 4133.753 0.000 0.000 0.000 999999465406930485248.000
4315.722 1615.136 8145.596 0.000 0.000 0.000 1000000794874556841984.000
3039.979 8731.734 6123.202 0.000 0.000 0.000 999999741964094406656.000
4811.453 2925.961 4509.935 0.000 0.000 0.000 999999360744814280704.000
1663.421 7148.648 4696.504 0.000 0.000 0.000 1000000797387796774912.000
1824.450 4321.106 5571.693 0.000 0.000 0.000 999998948527646048256.000
1488.872 3180.791 9159.699 0.000 0.000 0.000 1000000342422461218816.000
2387.220 1740.127 7089.028 0.000 0.000 0.000 999999944004935876608.000
5404.020 5738.255 4528.986 0.000 0.000 0.000 999998401140052328448.000
5926.934 1844.706 4201.768 0.000 0.000 0.000 1000000542285088555008.000
8938.467 4331.386 6731.872 0.000 0.000 0.000 1000000419405887963136.000
7639.502 6702.256 4435.395 0.000 0.000 0.000 999999972910943174656.000
9944.595 4931.988 318.192 0.000 0.000 0.000 999999606192146481152.000
3587.657 6558.339 5322.748 0.000 0.000 0.000 1000000542676195082240.000
105.378 9613.117 3391.511 0.000 0.000 0.000 1000002283320214683648.000
7822.626 9602.166 9276.937 0.000 0.000 0.000 1000000158313314254848.000
2587.903 723.794 4641.554 0.000 0.000 0.000 999998917406632574976.000
3603.366 9585.412 8365.721 0.000 0.000 0.000 1000000461312539099136.000
7288.165 1255.924 1976.741 0.000 0.000 0.000 999999882033918509056.000
5596.854 7901.240 5657.614 0.000 0.000 0.000 999998752899290103808.000
7662.875 9052.099 9060.598 0.000 0.000 0.000 999999977790673387520.000
7538.861 5067.272 7817.736 0.000 0.000 0.000 999999540243965149184.000
6327.330 49.175 3523.984 0.000 0.000 0.000 999999360835077537792.000
1053.469 6661.597 6293.884 0.000 0.000 0.000 1000000321086768545792.000
5117.155 9321.613 8230.853 0.000 0.000 0.000 1000000285672954920960.000
736.984 4595.536 5345.328 0.000 0.000 0.000 999999997750827941888.000
3783.784 6327.385 2875.120 0.000 0.000 0.000 1000001021222472777728.000
3114.432 4280.489 1778.895 0.000 0.000 0.000 999999192575241617408.000
9199.994 8242.200 6016.664 0.000 0.000 0.000 1000000053474509324288.000
8826.467 7574.257 2706.202 0.000 0.000 0.000 999999554376830550016.000
3473.478 6148.778 4796.920 0.000 0.000 0.000 999999978148760780800.000
5716.122 8471.637 4433.988 0.000 0.000 0.000 999998290525272014848.000
4846.365 7805.247 4695.644 0.000 0.000 0.000 1000000537805486292992.000
5777.258 7808.174 283.240 0.000 0.000 0.000 1000000011703928750080.000
3552.857 2498.587 7487.869 0.000 0.000 0.000 1000000509324113346560.000
7639.185 5942.934 8148.971 0.000 0.000 0.000 1000000218608496148480.000
2866.804 4969.668 8530.499 0.000 0.000 0.000 999999400416414400512.000
4410.862 6627.249 6910.407 0.000 0.000 0.000 1000000014837459714048.000
7830.236 2479.363 3931.946 0.000 0.000 0.000 1000000841181400399872.000
7532.898 6125.344 3683.118 0.000 0.000 0.000 1000000286714918600704.000
5653.119 7520.499 756.006 0.000 0.000 0.000 1000000875189299576832.000
932.685 7646.311 4291.196 0.000 0.000 0.000 1000000002351991226368.000
5184.233 7056.850 2540.844 0.000 0.000 0.000 1000001102715036368896.000
429.933 2802.063 4769.033 0.000 0.000 0.000 1000000380785750441984.000
4699.077 5701.335 1674.942 0.000 0.000 0.000 999999437337146032128.000
2069.589 1540.631 8552.323 0.000 0.000 0.000 999999421601514127360.000
3546.649 5680.754 7036.824 0.000 0.000 0.000 999999313804492406784.000
8013.680 6958.310 7024.229 0.000 0.000 0.000 1000000372274433884160.000
7015.177 1554.928 2484.483 0.000 0.000 0.000 999999518966222553088.000
6767.215 3361.003 9886.425 0.000 0.000 0.000 999999531927905107968.000
3725.944 7232.913 9689.083 0.000 0.000 0.000 1000001163127194386432.000
6895.068 8032.677 7873.890 0.000 0.000 0.000 1000001047202624307200.000
942.795 770.392 1604.893 0.000 0.000 0.000 999999535375690760192.000
354.373 7117.794 6493.994 0.000 0.000 0.000 999998676727042801664.000
2093.062 7061.020 8534.861 0.000 0.000 0.000 999998366705345757184.000
5100.304 977.187 8859.107 0.000 0.000 0.000 1000000448931302866944.000
2069.423 1181.768 6658.358 0.000 0.000 0.000 1000000381643605671936.000
4797.144 2890.140 4070.873 0.000 0.000 0.000 1000000624513703084032.000
8043.083 5252.333 7120.630 0.000 0.000 0.000 999999363571874267136.000
6332.292 7852.043 3990.536 0.000 0.000 0.000 1000000143664211689472.000
6921.635 6850.593 8821.619 0.000 0.000 0.000 999998203554885009408.000
6246.329 7532.006 5379.321 0.000 0.000 0.000 1000001400609933230080.000
8181.014 576.340 4968.256 0.000 0.000 0.000 1000000002342986317824.000
3956.394 8692.932 2036.208 0.000 0.000 0.000 999999012475580841984.000
1314.173 6594.209 9877.850 0.000 0.000 0.000 1000001062288918839296.000
6199.580 9545.979 4886.973 0.000 0.000 0.000 999999553906210766848.000
8962.973 8736.158 7066.800 0.000 0.000 0.000 999998945490892095488.000
8217.399 7876.645 5608.373 0.000 0.000 0.000 999999742526011867136.000
4892.326 5996.245 8966.428 0.000 0.000 0.000 999999194160219815936.000
9078.248 4092.760 194.985 0.000 0.000 0.000 1000000247727350349824.000
12.504 6847.844 699.640 0.000 0.000 0.000 999999192298527522816.000
2682.383 9978.423 7544.750 0.000 0.000 0.000 999999474777257541632.000
319.961 818.018 6001.373 0.000 0.000 0.000 999999970213414830080.000
1246.165 4322.367 3556.557 0.000 0.000 0.000 1000000254338704474112.000
9929.980 5355.097 2499.821 0.000 0.000 0.000 1000000248351139168256.000
5765.292 8556.831 5407.614 0.000 0.000 0.000 1000000710494054514688.000
8806.900 5903.290 5694.425 0.000 0.000 0.000 1000001571078824132608.000
6886.744 4381.546 1514.911 0.000 0.000 0.000 1000000272285972430848.000
5343.096 2625.298 8900.819 0.000 0.000 0.000 1000000108113718673408.000
542.627 1824.435 3875.918 0.000 0.000 0.000 999999820037829296128.000
902.373 9798.821 8401.564 0.000 0.000 0.000 1000001172464885956608.000
8769.625 4766.711 1788.357 0.000 0.000 0.000 1000000347041895284736.000
4671.327 2904.091 7716.335 0.000 0.000 0.000 1000000249736913879040.000
6785.335 2599.478 7406.561 0.000 0.000 0.000 999998955487857082368.000
2518.172 4116.134 3066.465 0.000 0.000 0.000 999998192366920663040.000
4341.270 284.867 251.943 0.000 0.000 0.000 999999370555886927872.000
8630.722 3035.127 6962.567 0.000 0.000 0.000 1000000231123779715072.000
558.867 8255.883 5757.139 0.000 0.000 0.000 999998258051575709696.000
8684.482 9980.285 7003.197 0.000 0.000 0.000 1000000137307502673920.000
8376.116 3695.616 8903.669 0.000 0.000 0.000 999999429446645972992.000
9765.177 5263.603 5740.904 0.000 0.000 0.000 1000000373945544081408.000
5008.979 744.139 7385.718 0.000 0.000 0.000 999999691081890136064.000
5725.001 2130.582 9966.695 0.000 0.000 0.000 1000001482717465411584.000
2929.391 8484.156 1682.570 0.000 0.000 0.000 999999551125274886144.000
5290.855 2271.380 5689.258 0.000 0.000 0.000 1000000248574048600064.000
3634.500 5332.554 2437.423 0.000 0.000 0.000 1000000425248536395776.000
285.832 7273.619 54.631 0.000 0.000 0.000 1000001283174495289344.000
3835.560 3551.273 9751.628 0.000 0.000 0.000 1000000180424583413760.000
6311.962 6282.398 5286.271 0.000 0.000 0.000 999999739045775540224.000
7342.999 676.879 5980.198 0.000 0.000 0.000 1000000739604891041792.000
5241.472 7040.540 9326.907 0.000 0.000 0.000 1000002638737488478208.000
2575.717 6396.908 5913.002 0.000 0.000 0.000 999999110525839081472.000
9707.868 7010.193 8115.234 0.000 0.000 0.000 999999400660493008896.000
6551.557 2719.240 3485.666 0.000 0.000 0.000 999999714011210711040.000
2760.417 9976.241 6394.892 0.000 0.000 0.000 1000000571489416773632.000
2427.712 4679.587 1729.630 0.000 0.000 0.000 1000000498246429048832.000
1861.415 9057.700 3920.960 0.000 0.000 0.000 999999967155898679296.000
1249.966 3243.236 4763.357 0.000 0.000 0.000 1000000295217641816064.000
832.799 61.634 8272.495 0.000 0.000 0.000 999998541007263498240.000
2420.619 4122.493 4511.539 0.000 0.000 0.000 999999740179821887488.000
9395.670 897.382 749.318 0.000 0.000 0.000 999999678428683436032.000
9720.493 5692.148 53.327 0.000 0.000 0.000 1000000885628621160448.000
280.076 8325.133 5663.395 0.000 0.000 0.000 1000001308045698924544.000
7526.887 6447.203 3586.899 0.000 0.000 0.000 1000000624948835778560.000
5199.709 3218.860 9354.058 0.000 0.000 0.000 1000000154216854716416.000
3639.717 599.095 2809.739 0.000 0.000 0.000 999999283154397167616.000
8220.235 441.609 1256.575 0.000 0.000 0.000 999998474903984275456.000
312.566 8533.064 5836.414 0.000 0.000 0.000 999998622399329337344.000
4729.924 9648.127 9274.442 0.000 0.000 0.000 1000000646133373992960.000
2447.420 2264.244 9512.266 0.000 0.000 0.000 999999168370712379392.000
50.381 984.957 3442.012 0.000 0.000 0.000 999999990786326921216.000
4070.631 7330.930 5686.128 0.000 0.000 0.000 1000000596673694662656.000
2342.419 901.075 3720.599 0.000 0.000 0.000 1000000066129147985920.000
1761.538 9855.481 3908.253 0.000 0.000 0.000 1000001058639926525952.000
176.372 7150.788 4037.525 0.000 0.000 0.000 999999731340287672320.000
8164.475 9516.138 4816.669 0.000 0.000 0.000 999998019697327472640.000
1551.416 1857.224 1513.798 0.000 0.000 0.000 999999840713055404032.000
1133.061 2688.955 1927.220 0.000 0.000 0.000 1000000220861365223424.000
26.936 5481.902 58.069 0.000 0.000 0.000 1000000500930566422528.000
3543.910 3603.390 6982.759 0.000 0.000 0.000 999999490388077707264.000
4012.049 8152.464 8114.411 0.000 0.000 0.000 1000000868036992434176.000
30.514 7830.474 1833.131 0.000 0.000 0.000 1000000381608180973568.000
7573.152 1818.811 3046.144 0.000 0.000 0.000 1000002302050467577856.000
118.782 1092.807 3562.378 0.000 0.000 0.000 999999546514741395456.000
8439.293 8658.397 9037.927 0.000 0.000 0.000 999998050611060932608.000
2409.489 6435.802 4181.823 0.000 0.000 0.000 999999502720127074304.000
4361.340 9975.141 1633.613 0.000 0.000 0.000 1000000024857442385920.000
38.650 4903.090 8037.142 0.000 0.000 0.000 999999208255751192576.000
1561.275 5692.325 7765.073 0.000 0.000 0.000 999999518317251133440.000
7.761 8561.826 9575.926 0.000 0.000 0.000 1000000264322105212928.000
2641.221 8447.290 8691.209 0.000 0.000 0.000 999998732107373608960.000
6894.460 9495.007 151.056 0.000 0.000 0.000 999999220308552056832.000
5913.578 4373.805 5610.794 0.000 0.000 0.000 1000000386794837770240.000
8385.963 2784.747 4659.837 0.000 0.000 0.000 999998543758756544512.000
744.215 4762.735 7119.391 0.000 0.000 0.000 999999459311631859712.000
7481.518 3388.213 2849.870 0.000 0.000 0.000 1000000292507330805760.000
7367.667 5435.801 9043.890 0.000 0.000 0.000 1000000105368614862848.000
2560.008 4282.688 6695.364 0.000 0.000 0.000 999998687844039655424.000
4820.772 8576.576 8347.085 0.000 0.000 0.000 999999158449357717504.000
769.115 1847.634 6744.512 0.000 0.000 0.000 999998842620280307712.000
4515.223 5680.238 7872.250 0.000 0.000 0.000 1000000652997757108224.000
4198.981 2309.705 3424.244 0.000 0.000 0.000 1000001214523231698944.000
663.863 6220.190 9716.643 0.000 0.000 0.000 999999185628998664192.000
5346.105 2966.263 322.697 0.000 0.000 0.000 999998531548395995136.000
3891.318 29.949 4194.425 0.000 0.000 0.000 1000000263913494413312.000
301.777 8339.304 696.087 0.000 0.000 0.000 999999216016203448320.000
8910.403 498.772 9380.526 0.000 0.000 0.000 1000000507951636545536.000
6667.561 132.916 1567.422 0.000 0.000 0.000 999999035748995432448.000
802.741 4912.823 2044.631 0.000 0.000 0.000 1000000234910969233408.000
8027.584 7070.077 9847.186 0.000 0.000 0.000 999997563524047044608.000
2997.288 1733.176 252.736 0.000 0.000 0.000 1000000252356673404928.000
6444.776 7566.963 2559.906 0.000 0.000 0.000 999999513267288408064.000
2961.082 8417.312 9854.102 0.000 0.000 0.000 1000000237728298958848.000
6452.135 9310.986 875.175 0.000 0.000 0.000 999999702448112795648.000
6494.834 6793.574 9099.648 0.000 0.000 0.000 1000000305206852452352.000
3048.686 2136.817 7883.614 0.000 0.000 0.000 999999792387563323392.000
696.525 4082.031 1947.664 0.000 0.000 0.000 999998894162360139776.000
1599.124 6200.723 1746.044 0.000 0.000 0.000 999998908598653943808.000
3956.789 6432.091 9764.940 0.000 0.000 0.000 999999639601181884416.000
2030.700 6481.988 2866.682 0.000 0.000 0.000 1000001065381607768064.000
8196.568 9197.920 4923.380 0.000 0.000 0.000 1000000013427586105344.000
747.238 8175.400 8459.348 0.000 0.000 0.000 1000000732017914150912.000
3551.308 2927.946 9952.286 0.000 0.000 0.000 999999512478911954944.000
1986.041 1939.456 8937.084 0.000 0.000 0.000 1000000877534334943232.000
6310.166 2121.431 325.917 0.000 0.000 0.000 999998204451913859072.000
2227.440 9206.723 9035.534 0.000 0.000 0.000 1000000303309767442432.000
2185.331 1511.217 9397.900 0.000 0.000 0.000 1000000089730128805888.000
8524.171 5406.558 8762.280 0.000 0.000 0.000 999999790293380628480.000
463.824 4739.600 9633.678 0.000 0.000 0.000 999999519352888623104.000
6173.540 9995.771 9166.574 0.000 0.000 0.000 999999195774614503424.000
7691.645 7446.817 6027.754 0.000 0.000 0.000 999999834764625707008.000
1989.827 6734.133 3183.601 0.000 0.000 0.000 1000000442406898237440.000
7734.574 9543.877 2824.675 0.000 0.000 0.000 1000000096691974963200.000
1329.905 7707.350 4962.612 0.000 0.000 0.000 1000000128002680029184.000
1143.471 8587.359 8225.240 0.000 0.000 0.000 1000000622087105282048.000
4391.702 4959.888 1367.328 0.000 0.000 0.000 1000000852377540755456.000
4927.069 9724.492 6863.479 0.000 0.000 0.000 1000001076288905412608.000
4188.414 6207.333 2730.284 0.000 0.000 0.000 1000000147051190943744.000
7658.377 2631.198 2351.863 0.000 0.000 0.000 1000000340450027634688.000
1847.202 5928.436 4350.176 0.000 0.000 0.000 999999020194185609216.000
13.077 4374.145 2097.765 0.000 0.000 0.000 999999579231740887040.000
9978.948 7501.841 7959.511 0.000 0.000 0.000 1000001201893860442112.000
5292.229 8170.696 7310.564 0.000 0.000 0.000 999999916829909712896.000
1990.783 3860.606 9818.673 0.000 0.000 0.000 1000000284173093437440.000
2662.087 3601.767 3693.294 0.000 0.000 0.000 1000000170881497825280.000
5001.877 6640.558 9574.306 0.000 0.000 0.000 999998278754780446720.000
8932.060 3069.856 8097.182 0.000 0.000 0.000 999999899159848157184.000
9715.369 7782.881 3166.401 0.000 0.000 0.000 1000000126307611967488.000
262.930 9613.304 2741.869 0.000 0.000 0.000 999999712385523384320.000
9194.746 7998.821 2659.087 0.000 0.000 0.000 999999989732367532032.000
5451.136 3180.930 1902.536 0.000 0.000 0.000 999997924080061906944.000
8404.818 5875.393 2611.958 0.000 0.000 0.000 999999387603075465216.000
8478.035 7780.611 9640.901 0.000 0.000 0.000 1000000104257319469056.000
6212.978 7962.000 4596.738 0.000 0.000 0.000 999999755896274026496.000
5481.077 302.329 9398.749 0.000 0.000 0.000 999998717441462501376.000
8160.403 7825.116 180.799 0.000 0.000 0.000 999997852098238218240.000
9147.493 3266.388 4401.805 0.000 0.000 0.000 999999332766838554624.000
9001.888 11.799 606.229 0.000 0.000 0.000 999999372106344955904.000
8239.978 9114.885 5446.457 0.000 0.000 0.000 1000000362255138160640.000
4562.379 3487.959 7873.703 0.000 0.000 0.000 1000001096744693137408.000
7435.910 6490.302 1360.442 0.000 0.000 0.000 999999709778471026688.000
3795.084 6018.102 4760.555 0.000 0.000 0.000 1000000644961064058880.000
9555.945 6469.749 6461.240 0.000 0.000 0.000 1000002474556027830272.000
3144.820 4455.258 7637.587 0.000 0.000 0.000 1000000063334374440960.000
9636.658 4991.430 2417.440 0.000 0.000 0.000 1000001391390982930432.000
7274.066 682.536 7955.355 0.000 0.000 0.000 999998783335480033280.000
6693.888 1083.057 7388.350 0.000 0.000 0.000 999999652333713883136.000
7498.843 7505.672 4530.579 0.000 0.000 0.000 999998926154846175232.000
4740.716 4293.915 1236.400 0.000 0.000 0.000 999998898135899832320.000
7518.150 3683.167 7147.933 0.000 0.000 0.000 1000002216161331773440.000
9113.866 5028.295 3876.562 0.000 0.000 0.000 999999538809422479360.000
7876.379 6237.112 4134.230 0.000 0.000 0.000 1000000130558560567296.000
4256.647 2312.895 7058.815 0.000 0.000 0.000 999998957815362879488.000
3080.452 2959.433 4158.446 0.000 0.000 0.000 999998876046871363584.000
4898.762 4689.175 9040.469 0.000 0.000 0.000 999999830870610804736.000
7517.782 9401.678 9208.334 0.000 0.000 0.000 999999157945019662336.000
8207.900 6725.734 4134.065 0.000 0.000 0.000 999999659355948187648.000
8829.406 3783.671 2786.768 0.000 0.000 0.000 1000000610949153161216.000
8238.554 6701.424 7109.719 0.000 0.000 0.000 999999305345458503680.000
3679.643 4424.359 6281.038 0.000 0.000 0.000 1000000391230250811392.000
9020.900 4119.030 4886.129 0.000 0.000 0.000 999998957589792161792.000
1158.044 4977.041 4069.537 0.000 0.000 0.000 999999575171766419456.000
4632.292 7292.322 1493.302 0.000 0.000 0.000 1000001126454603415552.000
3001.793 3896.526 1310.368 0.000 0.000 0.000 999998376545941979136.000
445.506 5363.920 5734.779 0.000 0.000 0.000 1000001514989329448960.000
6199.922 3829.949 7688.245 0.000 0.000 0.000 1000000497811889061888.000
7220.333 3714.601 8855.147 0.000 0.000 0.000 999999393941970747392.000
2073.068 9784.263 3707.855 0.000 0.000 0.000 999999995824726343680.000
3507.920 5447.273 2604.937 0.000 0.000 0.000 999999187847949189120.000
8562.476 6598.740 2947.324 0.000 0.000 0.000 999999876414383194112.000
8373.662 7592.531 790.263 0.000 0.000 0.000 1000000212670124916736.000
5577.106 1114.168 8589.175 0.000 0.000 0.000 1000001163491534569472.000
4585.318 7695.610 2566.563 0.000 0.000 0.000 1000000796334758690816.000
4251.916 8964.052 581.967 0.000 0.000 0.000 999999060984109203456.000
4434.631 9030.119 7660.951 0.000 0.000 0.000 999999901968840785920.000
935.684 157.240 990.803 0.000 0.000 0.000 999998275192589254656.000
7703.627 5363.927 973.523 0.000 0.000 0.000 999998855083672469504.000
2587.858 3163.392 9927.497 0.000 0.000 0.000 1000000208626139267072.000
365.222 3681.851 1000.619 0.000 0.000 0.000 999999130354749014016.000
8338.676 6745.568 6378.217 0.000 0.000 0.000 999999133684721647616.000
7405.565 4199.008 9415.752 0.000 0.000 0.000 1000000953528389730304.000
1027.883 2657.747 4570.379 0.000 0.000 0.000 999999397327110930432.000
1582.520 6331.701 5689.581 0.000 0.000 0.000 999997644011266244608.000
1269.719 5551.389 4644.694 0.000 0.000 0.000 1000001384778466590720.000
8074.575 2962.558 5338.186 0.000 0.000 0.000 999999267958443081728.000
4511.840 7699.948 5228.647 0.000 0.000 0.000 1000001343002020282368.000
2752.716 19.834 5929.988 0.000 0.000 0.000 999999783762078466048.000
9997.059 7294.524 7746.693 0.000 0.000 0.000 1000001508318330093568.000
856.902 2108.312 6383.436 0.000 0.000 0.000 1000000789435323908096.000
6909.581 71.740 7627.022 0.000 0.000 0.000 999999597634859433984.000
3094.435 1635.456 5106.813 0.000 0.000 0.000 999999963289356468224.000
6058.534 1775.413 7490.524 0.000 0.000 0.000 999999231056636411904.000
1552.624 5618.615 4743.190 0.000 0.000 0.000 999999597278026268672.000
3264.988 3675.664 6255.928 0.000 0.000 0.000 999999158131209928704.000
5172.545 4176.540 6479.560 0.000 0.000 0.000 1000001009867990761472.000
9256.868 8258.806 5717.827 0.000 0.000 0.000 999999205096343994368.000
5311.933 5375.713 3530.433 0.000 0.000 0.000 999999386867129253888.000
5183.504 6282.282 8344.853 0.000 0.000 0.000 1000000287940093411328.000
8973.887 1168.226 2752.184 0.000 0.000 0.000 1000002358452837548032.000
1197.105 9618.672 5096.376 0.000 0.000 0.000 1000002246949933547520.000
1626.635 5272.959 9862.592 0.000 0.000 0.000 999999454399965036544.000
3971.450 4407.888 2614.075 0.000 0.000 0.000 1000001141154499526656.000
8508.380 1504.909 9050.656 0.000 0.000 0.000 999998823817288089600.000
7432.682 9755.699 2555.992 0.000 0.000 0.000 999999933002895851520.000
2442.309 1197.313 9576.958 0.000 0.000 0.000 1000000877611362680832.000
2698.023 9967.321 7422.966 0.000 0.000 0.000 999997567089658822656.000
2158.235 5890.154 6610.403 0.000 0.000 0.000 999998875341520502784.000
3541.509 2695.477 5642.153 0.000 0.000 0.000 1000000758398840471552.000
4831.753 7498.815 1182.196 0.000 0.000 0.000 999998606658594799616.000
4136.070 9987.859 8434.607 0.000 0.000 0.000 999998594998789865472.000
5716.342 3182.648 9522.791 0.000 0.000 0.000 999999065623759421440.000
6259.592 6843.184 4420.005 0.000 0.000 0.000 999998713511819608064.000
9005.155 4571.966 1889.774 0.000 0.000 0.000 1000000392076434079744.000
7964.789 9196.508 8401.048 0.000 0.000 0.000 1000000796142303313920.000
3632.918 5575.954 5833.570 0.000 0.000 0.000 999998705079250190336.000
7754.545 893.944 1093.027 0.000 0.000 0.000 999999291971655958528.000
3115.143 3261.918 2557.232 0.000 0.000 0.000 999998838612008763392.000
3142.807 4035.247 9390.934 0.000 0.000 0.000 1000000114995449430016.000
5815.089 2706.719 2038.006 0.000 0.000 0.000 1000000894133462237184.000
2785.908 8085.436 5327.786 0.000 0.000 0.000 999998740341570928640.000
2899.459 7095.847 9076.195 0.000 0.000 0.000 999999585905884397568.000
4545.422 7807.927 6256.027 0.000 0.000 0.000 1000000737894997295104.000
3812.521 8033.911 8135.789 0.000 0.000 0.000 1000000804504450367488.000
3972.293 1840.722 6952.192 0.000 0.000 0.000 1000001974335900483584.000
2949.203 5959.285 6262.974 0.000 0.000 0.000 999999775582864670720.000
2411.228 2734.529 9166.790 0.000 0.000 0.000 1000001925493018329088.000
4886.225 5463.624 2967.769 0.000 0.000 0.000 1000000726059383390208.000
9366.072 2410.663 1730.320 0.000 0.000 0.000 1000000253741034504192.000
5673.682 8936.265 358.459 0.000 0.000 0.000 1000000850039343939584.000
3650.925 6807.914 6972.268 0.000 0.000 0.000 1000000335183957196800.000
6258.767 6155.435 2372.142 0.000 0.000 0.000 999999649506030649344.000
5779.263 8867.704 7781.536 0.000 0.000 0.000 1000001653600752238592.000
1077.399 2771.148 6844.452 0.000 0.000 0.000 1000000216388512907264.000
447.661 5066.281 5505.174 0.000 0.000 0.000 999999265566490624000.000
3244.076 2789.809 7592.650 0.000 0.000 0.000 999998143954373312512.000
6881.671 5243.496 7557.801 0.000 0.000 0.000 999999501067765022720.000
1083.478 1535.034 8663.603 0.000 0.000 0.000 999999975570001887232.000
5467.809 8934.388 8041.893 0.000 0.000 0.000 1000001589125870649344.000
2009.831 8760.758 6489.300 0.000 0.000 0.000 1000000087949015384064.000
4228.973 240.935 2931.828 0.000 0.000 0.000 1000000598338453372928.000
4098.503 928.139 8637.781 0.000 0.000 0.000 1000000956685884588032.000
6744.703 613.948 5126.403 0.000 0.000 0.000 1000000699235742777344.000
6965.620 1809.532 4607.274 0.000 0.000 0.000 1000001163720026357760.000
4569.559 1310.978 9725.364 0.000 0.000 0.000 999998647425662976000.000
8130.433 4836.528 5297.594 0.000 0.000 0.000 1000002280762984628224.000
3065.003 2826.635 3262.548 0.000 0.000 0.000 999999588103973634048.000
9960.793 4646.578 9666.310 0.000 0.000 0.000 999999973956673863680.000
612.864 430.308 8894.096 0.000 0.000 0.000 1000001346179462725632.000
3575.878 1705.403 2083.819 0.000 0.000 0.000 1000000222964566982656.000
5635.702 3611.163 57.700 0.000 0.000 0.000 999998168220418048000.000
1832.657 9172.747 233.306 0.000 0.000 0.000 1000000497453731020800.000
9113.461 6770.226 5821.353 0.000 0.000 0.000 1000001448037371740160.000
5119.914 2921.261 6847.716 0.000 0.000 0.000 1000000062045132292096.000
7366.003 4297.282 4417.877 0.000 0.000 0.000 1000001192377342099456.000
5229.922 3714.253 4639.389 0.000 0.000 0.000 1000000591512441061376.000
430.126 2158.560 8565.394 0.000 0.000 0.000 999999694173168336896.000
458.812 1617.609 105.538 0.000 0.000 0.000 999999775777645527040.000
6308.667 8999.630 7972.797 0.000 0.000 0.000 1000000103757310197760.000
9386.105 712.408 6293.898 0.000 0.000 0.000 999999090935172038656.000
9085.694 7448.125 8182.633 0.000 0.000 0.000 999999028485685903360.000
3836.738 5926.319 4724.925 0.000 0.000 0.000 999999439851895652352.000
956.827 4416.679 5960.627 0.000 0.000 0.000 1000000961380864753664.000
5514.331 352.541 7929.696 0.000 0.000 0.000 1000000235203613425664.000
9982.711 2725.191 5864.007 0.000 0.000 0.000 1000001196446993088512.000
2277.616 8103.095 7734.098 0.000 0.000 0.000 1000000407791114125312.000
1038.877 7683.904 54.102 0.000 0.000 0.000 999999092593717280768.000
3994.488 6542.827 3716.116 0.000 0.000 0.000 999999121402423803904.000
7208.777 2213.448 8727.893 0.000 0.000 0.000 999999529947286077440.000
6533.016 186.678 555.313 0.000 0.000 0.000 1000000075686093389824.000
5044.899 2654.066 7275.260 0.000 0.000 0.000 999999966761916956672.000
2880.425 6528.222 4300.885 0.000 0.000 0.000 999998830258391220224.000
6771.075 1128.633 1836.154 0.000 0.000 0.000 1000000390428381151232.000
6562.781 7880.119 2507.796 0.000 0.000 0.000 1000000142744716967936.000
2706.862 9056.322 3091.834 0.000 0.000 0.000 999999962534362742784.000
7061.980 4065.568 1177.564 0.000 0.000 0.000 1000000957253254643712.000
5200.033 4803.092 6569.188 0.000 0.000 0.000 999998715294757027840.000
1575.350 1975.750 1502.251 0.000 0.000 0.000 999999977882335576064.000
2536.267 8882.405 8168.848 0.000 0.000 0.000 999999029818787627008.000
2899.642 6063.249 386.630 0.000 0.000 0.000 999999983992498683904.000
944.840 1021.381 7146.769 0.000 0.000 0.000 999998567029202616320.000
1779.154 2217.270 2368.661 0.000 0.000 0.000 1000000072769270972416.000
8350.842 8393.667 2530.516 0.000 0.000 0.000 1000000353204168032256.000
5112.328 4511.315 5723.652 0.000 0.000 0.000 999999045578868916224.000
6782.086 9627.261 4267.676 0.000 0.000 0.000 1000000755817518858240.000
364.342 3417.347 3171.370 0.000 0.000 0.000 999999498384572809216.000
3661.677 6393.041 1595.775 0.000 0.000 0.000 1000000045560331501568.000
1155.721 26.880 1850.655 0.000 0.000 0.000 999999698324769996800.000
6891.611 8984.145 5359.846 0.000 0.000 0.000 999999223215719972864.000
2798.321 7549.226 7913.751 0.000 0.000 0.000 1000000183826315870208.000
1026.891 3172.487 3391.773 0.000 0.000 0.000 1000000236704997703680.000
7717.809 2254.065 7944.559 0.000 0.000 0.000 1000000532027654144000.000
4649.304 6048.164 7706.485 0.000 0.000 0.000 999999701674533453824.000
5692.691 4588.552 8470.397 0.000 0.000 0.000 1000001147320444780544.000
8673.237 7006.948 1481.230 0.000 0.000 0.000 1000001588961896562688.000
8347.939 8588.794 3014.883 0.000 0.000 0.000 999999413218897821696.000
3267.530 8684.785 9720.065 0.000 0.000 0.000 1000000019445746630656.000
5024.884 1232.980 5212.525 0.000 0.000 0.000 1000000726209210875904.000
4208.369 5579.062 5068.164 0.000 0.000 0.000 1000000092543279038464.000
9457.739 3675.810 1906.512 0.000 0.000 0.000 1000001337701695881216.000
3008.468 116.044 5396.878 0.000 0.000 0.000 1000000672214114107392.000
5837.999 8241.315 8987.919 0.000 0.000 0.000 999999627562096656384.000
8146.823 8231.180 9251.836 0.000 0.000 0.000 1000001218323382009856.000
9516.428 6875.883 9685.741 0.000 0.000 0.000 1000001082605849411584.000
8169.564 520.330 2263.396 0.000 0.000 0.000 1000000551801531006976.000
4693.838 1646.958 3017.188 0.000 0.000 0.000 999998948152973459456.000
3112.577 6748.467 3751.307 0.000 0.000 0.000 1000000109935461662720.000
3115.191 5175.672 7636.176 0.000 0.000 0.000 999998040727523688448.000
8004.802 236.838 6867.478 0.000 0.000 0.000 999998845473049673728.000
6279.668 9989.774 5335.492 0.000 0.000 0.000 999999619307208572928.000
9846.123 5282.432 3510.786 0.000 0.000 0.000 1000000051747257188352.000
5502.865 2625.966 5251.955 0.000 0.000 0.000 1000000813767911800832.000
1875.910 9197.957 9749.801 0.000 0.000 0.000 999999879034729267200.000
9241.322 1965.112 2961.467 0.000 0.000 0.000 999999878997334949888.000
4284.072 6978.701 8453.852 0.000 0.000 0.000 1000000516674109702144.000
6118.193 7945.965 6148.735 0.000 0.000 0.000 1000000809213710041088.000
310.578 1675.432 7856.995 0.000 0.000 0.000 1000000182074925907968.000
6807.015 3514.673 6566.261 0.000 0.000 0.000 1000001468735445139456.000
293.338 1854.620 4582.318 0.000 0.000 0.000 999999304533190377472.000
9073.920 7114.330 3214.318 0.000 0.000 0.000 1000000546372284448768.000
8569.157 8084.150 8715.396 0.000 0.000 0.000 999999314702850457600.000
5004.491 8746.743 5580.283 0.000 0.000 0.000 1000000811939213082624.000
3540.520 5977.212 6419.506 0.000 0.000 0.000 1000001308746553098240.000
5437.388 5671.976 9080.570 0.000 0.000 0.000 1000000648712876982272.000
7409.632 6355.697 3895.087 0.000 0.000 0.000 999999910114921545728.000
3470.545 7142.537 4401.508 0.000 0.000 0.000 999999687734216097792.000
4354.374 9740.163 6370.702 0.000 0.000 0.000 999999871901261103104.000
642.061 930.861 3175.969 0.000 0.000 0.000 1000001659642990034944.000
2249.430 8533.677 8712.313 0.000 0.000 0.000 999999747214708965376.000
4631.153 3116.977 3406.879 0.000 0.000 0.000 999999753444704256000.000
9751.393 1391.318 1006.377 0.000 0.000 0.000 1000000959755659116544.000
5498.146 6341.736 2669.189 0.000 0.000 0.000 999998789141860843520.000
6596.572 7161.842 9591.059 0.000 0.000 0.000 1000000081125872762880.000
3814.593 1305.847 6075.331 0.000 0.000 0.000 1000000633158451331072.000
8608.832 6724.254 7793.100 0.000 0.000 0.000 999999447973329502208.000
8462.501 5595.061 5428.840 0.000 0.000 0.000 1000000381643797168128.000
5399.141 4516.419 5890.685 0.000 0.000 0.000 1000001061894558187520.000
5630.820 1206.112 2514.489 0.000 0.000 0.000 1000000482760756166656.000
19.443 6261.379 9927.662 0.000 0.000 0.000 1000000039565339656192.000
5454.826 878.712 9034.491 0.000 0.000 0.000 999999392667938586624.000
620.805 5887.590 5954.792 0.000 0.000 0.000 999998944175101837312.000
9825.061 624.887 223.931 0.000 0.000 0.000 999999816629175713792.000
8865.235 7819.580 4790.368 0.000 0.000 0.000 1000001468199279525888.000
271.417 7365.980 558.933 0.000 0.000 0.000 999999730776087461888.000
6259.011 9469.067 9853.109 0.000 0.000 0.000 999998342457186189312.000
6716.263 5038.503 2354.481 0.000 0.000 0.000 999999789248023101440.000
5757.497 9652.043 2126.785 0.000 0.000 0.000 999998330399834636288.000
5279.384 4282.851 6958.095 0.000 0.000 0.000 999999825643410161664.000
9395.285 8311.492 4867.896 0.000 0.000 0.000 1000000797418205085696.000
5116.775 7139.285 7340.229 0.000 0.000 0.000 1000000217282069266432.000
3389.409 3685.726 7944.895 0.000 0.000 0.000 999999985801575137280.000
1315.046 2848.966 5248.160 0.000 0.000 0.000 999998939127744167936.000
9949.156 2807.611 1874.116 0.000 0.000 0.000 1000001500551700676608.000
509.121 1444.017 2638.529 0.000 0.000 0.000 1000000036959701303296.000
9337.143 7051.630 8294.760 0.000 0.000 0.000 1000001912193153236992.000
4455.739 8204.908 6542.690 0.000 0.000 0.000 999998727976223899648.000
2904.713 3903.696 58.184 0.000 0.000 0.000 999999359763923992576.000
8133.349 6306.847 2831.886 0.000 0.000 0.000 999998739208715370496.000
8804.338 5148.034 4988.808 0.000 0.000 0.000 999999391798027747328.000
3152.034 444.444 5256.399 0.000 0.000 0.000 1000002335881940566016.000
8907.311 7269.005 7491.055 0.000 0.000 0.000 1000000088020405059584.000
3534.051 207.529 7158.155 0.000 0.000 0.000 1000000360616430403584.000
3231.193 1377.448 1794.844 0.000 0.000 0.000 1000001492163049291776.000
635.966 9695.351 7512.626 0.000 0.000 0.000 999998355509305540608.000
8012.302 1662.578 9586.318 0.000 0.000 0.000 999999402196190101504.000
480.716 4057.612 1429.510 0.000 0.000 0.000 1000000146909738565632.000
6115.404 356.228 9458.837 0.000 0.000 0.000 999999465194645618688.000
2895.943 7235.825 629.137 0.000 0.000 0.000 1000001069700641456128.000
3735.270 9920.060 9955.139 0.000 0.000 0.000 999999752135020249088.000
4051.849 8330.948 6781.066 0.000 0.000 0.000 999999836979304726528.000
9205.599 1750.604 2434.455 0.000 0.000 0.000 999999380493632798720.000
9002.183 5219.218 247.486 0.000 0.000 0.000 999998168055339810816.000
9628.307 4474.554 3052.968 0.000 0.000 0.000 999999018797057310720.000
4748.770 7777.077 7069.338 0.000 0.000 0.000 999999713136937533440.000
7236.197 9484.496 5813.895 0.000 0.000 0.000 1000000100694672277504.000
6293.771 964.363 3137.992 0.000 0.000 0.000 1000000845795761586176.000
8005.306 4721.089 6918.194 0.000 0.000 0.000 999999730171591393280.000
9181.490 4330.197 6897.749 0.000 0.000 0.000 999998486086835896320.000
1090.983 6575.037 6151.595 0.000 0.000 0.000 999998246771114508288.000
2745.313 8201.288 2753.143 0.000 0.000 0.000 1000000124444058189824.000
7038.725 2392.013 7762.048 0.000 0.000 0.000 999999888726588391424.000
2958.298 4597.021 902.484 0.000 0.000 0.000 999999901758495784960.000
4986.712 170.046 1540.669 0.000 0.000 0.000 999999888102169116672.000
3020.178 4575.315 1598.324 0.000 0.000 0.000 999998742181027119104.000
8654.968 5535.647 7000.708 0.000 0.000 0.000 999999640548294918144.000
5943.148 5286.251 9010.098 0.000 0.000 0.000 999999488453012750336.000
4800.696 5026.203 2767.677 0.000 0.000 0.000 1000002509802961108992.000
2814.733 1798.044 894.655 0.000 0.000 0.000 1000000572331092738048.000
6004.838 5176.619 1531.563 0.000 0.000 0.000 1000000152605871046656.000
9292.324 2213.608 6401.880 0.000 0.000 0.000 1000000833240369201152.000
8746.127 761.821 4894.354 0.000 0.000 0.000 999999594442354851840.000
4344.247 8550.029 1675.572 0.000 0.000 0.000 1000000258634919051264.000
3159.547 9175.348 5471.396 0.000 0.000 0.000 1000001835807106793472.000
2744.126 805.630 1817.478 0.000 0.000 0.000 1000000042916408983552.000
5866.419 7383.010 8224.963 0.000 0.000 0.000 1000000175847732150272.000
8439.113 1537.144 5072.981 0.000 0.000 0.000 999999212725436022784.000
7975.794 1955.260 239.261 0.000 0.000 0.000 1000000451156382973952.000
8915.310 2141.754 225.262 0.000 0.000 0.000 1000000018493827448832.000
3929.892 1761.631 680.565 0.000 0.000 0.000 999999663555104210944.000
8643.025 1707.441 6319.287 0.000 0.000 0.000 999998939443046252544.000
6674.206 3854.286 6503.152 0.000 0.000 0.000 999999775310334918656.000
5122.250 7694.691 1162.694 0.000 0.000 0.000 1000000079602130092032.000
2279.505 42.777 4144.813 0.000 0.000 0.000 999999962704385409024.000
5129.944 748.611 2746.850 0.000 0.000 0.000 1000000134071520985088.000
4224.108 1740.554 2508.328 0.000 0.000 0.000 1000000237009151590400.000
7998.901 6633.102 7532.907 0.000 0.000 0.000 999999387125972074496.000
906.062 8618.776 2833.736 0.000 0.000 0.000 1000001123700050493440.000
7406.853 2273.824 5195.912 0.000 0.000 0.000 999999391143114833920.000
4781.565 8285.404 4551.312 0.000 0.000 0.000 999998393757309075456.000
6689.217 7900.132 1221.597 0.000 0.000 0.000 999999876897283768320.000
7247.186 931.128 4768.389 0.000 0.000 0.000 999999941839215132672.000
6535.794 3213.299 3860.358 0.000 0.000 0.000 1000000312947060768768.000
2287.390 7105.710 1360.866 0.000 0.000 0.000 999999263644009103360.000
3411.120 4379.763 1758.116 0.000 0.000 0.000 999999925094072582144.000
5440.971 5066.885 6957.400 0.000 0.000 0.000 999999596087185375232.000
2261.510 7334.913 6659.638 0.000 0.000 0.000 999999692654256586752.000
8068.013 2119.313 713.342 0.000 0.000 0.000 999999729342583799808.000
4285.786 852.769 6522.341 0.000 0.000 0.000 999999916930098266112.000
3748.298 7955.749 886.538 0.000 0.000 0.000 1000000266603239309312.000
7424.589 703.736 7406.390 0.000 0.000 0.000 1000000113776055025664.000
9891.363 3811.371 9342.512 0.000 0.000 0.000 1000000930372735336448.000
5775.379 8903.312 1212.714 0.000 0.000 0.000 1000001139528680472576.000
5404.229 5463.707 8567.706 0.000 0.000 0.000 999999371463180419072.000
1550.015 4253.351 5326.159 0.000 0.000 0.000 999999302569447784448.000
6273.870 3590.398 6122.144 0.000 0.000 0.000 1000000047342103035904.000
5614.807 4868.767 465.246 0.000 0.000 0.000 1000002365667443474432.000
5467.862 5979.302 8600.684 0.000 0.000 0.000 999999822745444417536.000
8918.000 6198.666 425.251 0.000 0.000 0.000 1000000845461719875584.000
8591.997 6742.017 4190.144 0.000 0.000 0.000 1000000420531876659200.000
5890.297 7904.979 1550.464 0.000 0.000 0.000 999999473310792024064.000
1893.773 6818.734 7189.652 0.000 0.000 0.000 999999211791590621184.000
9736.285 3913.817 9235.106 0.000 0.000 0.000 999999197625175638016.000
767.550 5922.410 1525.163 0.000 0.000 0.000 999999239594618650624.000
7032.155 3886.035 9640.527 0.000 0.000 0.000 999999385970401869824.000
8307.564 2708.173 3776.505 0.000 0.000 0.000 1000001416412946235392.000
4188.535 2481.971 9552.851 0.000 0.000 0.000 1000000043357615947776.000
4211.614 2446.625 686.809 0.000 0.000 0.000 999998621038841954304.000
7968.244 5933.290 3225.040 0.000 0.000 0.000 1000001465995040784384.000
2650.973 2422.242 4499.705 0.000 0.000 0.000 999998804044934152192.000
5958.309 5690.873 4615.902 0.000 0.000 0.000 1000000468031324684288.000
9423.185 7545.808 7772.528 0.000 0.000 0.000 1000000413797756174336.000
7789.524 5104.380 6272.697 0.000 0.000 0.000 999998430842827833344.000
1854.901 7174.486 2639.649 0.000 0.000 0.000 1000000561797355798528.000
6838.440 5517.111 4457.600 0.000 0.000 0.000 1000000920027463286784.000
2541.427 6062.737 5259.777 0.000 0.000 0.000 999999325246755831808.000
6161.053 9224.277 6632.936 0.000 0.000 0.000 1000000059026943508480.000
4326.942 6521.068 4886.931 0.000 0.000 0.000 1000000019821549060096.000
8488.441 1129.644 4315.510 0.000 0.000 0.000 1000000835723858280448.000
8463.536 8010.147 3483.790 0.000 0.000 0.000 999998780642180202496.000
9285.326 4859.752 7819.218 0.000 0.000 0.000 1000001148046277738496.000
9435.211 1871.898 6986.261 0.000 0.000 0.000 999998527428249780224.000
8620.504 6539.918 142.904 0.000 0.000 0.000 1000001055533315391488.000
5156.013 8513.675 9989.849 0.000 0.000 0.000 1000000156760540708864.000
6855.834 3265.903 6888.783 0.000 0.000 0.000 1000000145783586553856.000
9272.824 5527.343 622.215 0.000 0.000 0.000 999999180297308078080.000
6423.901 3152.884 7587.086 0.000 0.000 0.000 999999961266800295936.000
614.101 789.488 4908.599 0.000 0.000 0.000 999998199492837376000.000
3573.328 8895.036 3208.094 0.000 0.000 0.000 999999621400431689728.000
4348.327 2953.024 5172.789 0.000 0.000 0.000 999997843619992698880.000
2968.453 6780.048 9921.392 0.000 0.000 0.000 999999943116776538112.000
5047.054 1368.660 4290.795 0.000 0.000 0.000 1000000439346181570560.000
5097.427 700.294 9175.165 0.000 0.000 0.000 999998777880989007872.000
8192.453 1498.379 4678.186 0.000 0.000 0.000 1000000566192156704768.000
5046.175 3224.656 8137.329 0.000 0.000 0.000 1000000890720842285056.000
7684.656 2694.670 9084.995 0.000 0.000 0.000 999999919239850229760.000
7496.613 2374.621 6801.632 0.000 0.000 0.000 1000002734978239692800.000
6054.201 8904.581 5190.897 0.000 0.000 0.000 1000000647789832699904.000
1282.365 618.606 9945.060 0.000 0.000 0.000 1000001313481609969664.000
1624.704 6954.897 8710.257 0.000 0.000 0.000 999998299731231375360.000
2668.524 5151.611 3837.293 0.000 0.000 0.000 1000001074392603033600.000
7407.368 9604.662 344.341 0.000 0.000 0.000 1000000285976979308544.000
5251.944 9369.823 5640.775 0.000 0.000 0.000 1000000190745640697856.000
1153.836 5331.125 5292.815 0.000 0.000 0.000 1000000891469747322880.000
3596.661 5328.365 2809.406 0.000 0.000 0.000 1000000026457413386240.000
6867.305 6953.403 484.332 0.000 0.000 0.000 1000000161652786462720.000
7678.294 590.423 5962.108 0.000 0.000 0.000 1000000572428225085440.000
3062.676 4461.200 6723.061 0.000 0.000 0.000 1000000627340006653952.000
1968.015 3178.624 7049.340 0.000 0.000 0.000 999998437620434862080.000
3372.935 7362.289 4807.402 0.000 0.000 0.000 999999916639939330048.000
7869.555 4980.779 8808.877 0.000 0.000 0.000 999999129348456185856.000
4901.758 7225.951 6457.796 0.000 0.000 0.000 999999510593888583680.000
1417.610 4941.249 7948.166 0.000 0.000 0.000 999998252034893152256.000
6303.488 9771.456 4051.348 0.000 0.000 0.000 1000001876018016550912.000
6235.710 4554.823 6138.336 0.000 0.000 0.000 1000001200343302799360.000
8409.903 8869.729 7640.704 0.000 0.000 0.000 999999581563967897600.000
6886.932 5303.971 7431.838 0.000 0.000 0.000 1000000255611315683328.000
616.738 3440.381 1681.070 0.000 0.000 0.000 1000000070293036466176.000
3758.701 5548.222 597.333 0.000 0.000 0.000 999997838568339013632.000
2517.817 671.129 5590.360 0.000 0.000 0.000 999997944595410190336.000
8449.466 707.621 4681.753 0.000 0.000 0.000 999998533079992631296.000
5327.842 5912.611 5825.033 0.000 0.000 0.000 1000001035449575145472.000
4291.049 936.040 481.386 0.000 0.000 0.000 1000000300060555608064.000
7595.067 9532.232 6720.190 0.000 0.000 0.000 999999209973550022656.000
2871.653 5079.342 7199.684 0.000 0.000 0.000 1000000583756333580288.000
2667.820 3136.655 9799.249 0.000 0.000 0.000 1000000502456025481216.000
775.497 1823.018 937.030 0.000 0.000 0.000 999998605437546528768.000
1030.571 9335.678 9327.026 0.000 0.000 0.000 999997743265844953088.000
3791.775 2766.058 4966.321 0.000 0.000 0.000 999999262156040962048.000
3920.114 2993.323 73.348 0.000 0.000 0.000 999999318254731919360.000
6469.585 4490.551 6825.315 0.000 0.000 0.000 1000001089182450057216.000
737.498 3889.102 4378.553 0.000 0.000 0.000 999998223573070512128.000
9381.553 9604.757 7586.298 0.000 0.000 0.000 1000000808265172779008.000
9266.566 6371.458 6879.325 0.000 0.000 0.000 1000000166685550051328.000
1001.835 1690.651 5957.351 0.000 0.000 0.000 1000001911233450475520.000
6594.358 477.108 5996.512 0.000 0.000 0.000 999999485955546415104.000
7671.258 8990.938 2811.483 0.000 0.000 0.000 999999897877824536576.000
3893.645 4308.666 5511.266 0.000 0.000 0.000 1000001587275191418880.000
8758.517 5593.519 5445.830 0.000 0.000 0.000 1000000219057839407104.000
9202.062 3543.558 5588.416 0.000 0.000 0.000 1000001605396926824448.000
9502.805 2758.320 7786.419 0.000 0.000 0.000 999999387281885757440.000
4377.255 2690.388 226.109 0.000 0.000 0.000 1000001692844382617600.000
9395.792 8350.224 8001.585 0.000 0.000 0.000 1000000774493944020992.000
5581.814 1179.579 6721.117 0.000 0.000 0.000 999999877796415930368.000
1477.535 502.673 2420.186 0.000 0.000 0.000 1000000991761557094400.000
8816.931 2711.979 3118.221 0.000 0.000 0.000 1000000590273889959936.000
2666.792 1968.097 9075.633 0.000 0.000 0.000 1000000382678734864384.000
1101.588 7648.710 6573.197 0.000 0.000 0.000 1000001291538259509248.000
7230.150 6260.453 529.730 0.000 0.000 0.000 999998426399815106560.000
3536.591 4276.538 4557.627 0.000 0.000 0.000 999999790513467162624.000
7021.124 1454.872 3159.486 0.000 0.000 0.000 999999296623488401408.000
489.965 8438.964 505.268 0.000 0.000 0.000 1000000248566553509888.000
5024.722 2455.999 9769.301 0.000 0.000 0.000 1000000632646980206592.000
1531.457 3688.879 6954.935 0.000 0.000 0.000 999999323569967595520.000
9404.924 1625.389 8514.467 0.000 0.000 0.000 999999498515780206592.000
6296.571 6741.759 1424.821 0.000 0.000 0.000 999999988340420378624.000
9348.205 4648.345 4063.419 0.000 0.000 0.000 999999494857617178624.000
6210.875 2569.396 141.499 0.000 0.000 0.000 999999751495363198976.000
7795.346 9080.642 8104.480 0.000 0.000 0.000 1000001035732585807872.000
5501.233 3506.453 975.632 0.000 0.000 0.000 1000000118806856335360.000
9470.596 2849.785 8556.374 0.000 0.000 0.000 1000001688744200896512.000
9580.162 5561.203 6297.108 0.000 0.000 0.000 1000000413081301417984.000
5958.698 9696.932 8618.455 0.000 0.000 0.000 1000001276928526123008.000
3230.338 8277.805 921.667 0.000 0.000 0.000 1000000237934735261696.000
4253.793 6541.484 9145.707 0.000 0.000 0.000 999999596677598674944.000
4030.224 4522.322 8218.065 0.000 0.000 0.000 1000000788507299151872.000
6006.662 1148.817 4105.087 0.000 0.000 0.000 1000001129238760128512.000
2590.968 3917.175 5002.839 0.000 0.000 0.000 1000000637539453763584.000
7878.308 3831.497 1572.921 0.000 0.000 0.000 999997709524951498752.000
3390.054 6818.134 9013.266 0.000 0.000 0.000 999999979690411556864.000
6063.337 3247.387 2531.203 0.000 0.000 0.000 999997602230669672448.000
2161.718 5729.264 2627.156 0.000 0.000 0.000 1000000428986578501632.000
9480.715 3983.786 1130.580 0.000 0.000 0.000 1000000150630528188416.000
8538.219 4092.443 6620.766 0.000 0.000 0.000 999999954399495323648.000
4774.078 728.548 6802.544 0.000 0.000 0.000 999998364596591132672.000
5141.736 4609.931 8136.991 0.000 0.000 0.000 999999599257314394112.000
201.245 8191.078 3320.234 0.000 0.000 0.000 999999572185636012032.000
5633.885 1940.228 7849.397 0.000 0.000 0.000 1000001093626376486912.000
9367.243 7983.685 8695.326 0.000 0.000 0.000 999999006791424802816.000
1876.438 2121.179 9220.014 0.000 0.000 0.000 1000000029987984375808.000
5428.069 2499.614 3957.051 0.000 0.000 0.000 1000000855632732487680.000
2069.989 3742.540 5725.799 0.000 0.000 0.000 1000001297075478200320.000
1317.096 8815.352 239.620 0.000 0.000 0.000 1000001642916862754816.000
1526.180 6318.043 8374.129 0.000 0.000 0.000 1000001346219763433472.000
6805.349 7983.930 6266.249 0.000 0.000 0.000 1000000205122334359552.000
7241.678 8660.774 4597.173 0.000 0.000 0.000 999999444050771574784.000
7260.910 6039.614 5250.889 0.000 0.000 0.000 1000001632734543740928.000
5167.982 8194.086 4993.605 0.000 0.000 0.000 1000000344012381880320.000
1002.473 4192.245 591.630 0.000 0.000 0.000 1000000990311261405184.000
2880.059 3109.640 7317.657 0.000 0.000 0.000 999999202038017687552.000
5391.205 41.670 8436.488 0.000 0.000 0.000 1000000925073138384896.000
655.196 9445.794 6216.431 0.000 0.000 0.000 1000001176604427419648.000
6846.250 2089.881 9185.926 0.000 0.000 0.000 999999213381982093312.000
2997.558 7137.436 8286.984 0.000 0.000 0.000 1000000927203780198400.000
7499.363 5460.135 4319.932 0.000 0.000 0.000 999999957159617495040.000
1276.704 1277.556 8871.689 0.000 0.000 0.000 999999764943135703040.000
9960.014 4661.528 4637.338 0.000 0.000 0.000 1000000059366660505600.000
2407.410 7219.085 3535.980 0.000 0.000 0.000 1000000455616240943104.000
1017.094 7565.054 4783.988 0.000 0.000 0.000 1000000114682210811904.000
107.921 5960.968 9557.874 0.000 0.000 0.000 999999960265402482688.000
1554.122 8163.352 1786.666 0.000 0.000 0.000 999999339173131190272.000
2332.036 8575.861 6832.292 0.000 0.000 0.000 1000000539253849325568.000
8630.270 4587.925 688.120 0.000 0.000 0.000 999999457584790372352.000
4741.088 5983.363 3159.946 0.000 0.000 0.000 999998380612011032576.000
6627.297 933.629 1656.385 0.000 0.000 0.000 1000001181363121684480.000
623.258 5839.418 6033.656 0.000 0.000 0.000 999999509976101421056.000
707.358 9547.249 394.425 0.000 0.000 0.000 1000000807766137765888.000
3528.711 6778.201 6029.618 0.000 0.000 0.000 1000000032823611359232.000
2634.377 7873.187 8151.412 0.000 0.000 0.000 1000000542693183586304.000
6780.543 187.082 7944.008 0.000 0.000 0.000 999999137142348185600.000
3460.401 371.565 6966.553 0.000 0.000 0.000 999998775401054994432.000
3109.696 6955.114 9413.272 0.000 0.000 0.000 999999152945039278080.000
3283.470 2942.119 9179.578 0.000 0.000 0.000 1000000341382677921792.000
4191.828 2067.858 8917.929 0.000 0.000 0.000 999999200610314616832.000
229.641 974.032 1796.634 0.000 0.000 0.000 999998818431493341184.000
7426.675 4006.463 7213.651 0.000 0.000 0.000 1000003106657881686016.000
4776.155 6484.579 5614.721 0.000 0.000 0.000 1000000274887095877632.000
2406.669 6794.494 851.386 0.000 0.000 0.000 1000000020425989423104.000
1023.167 1779.708 5588.638 0.000 0.000 0.000 1000000068415611731968.000
3454.781 9135.588 4320.154 0.000 0.000 0.000 999999701268532428800.000
1771.789 8912.054 916.479 0.000 0.000 0.000 999999363924796768256.000
9912.772 9828.576 2888.060 0.000 0.000 0.000 999999818553420677120.000
8611.093 7355.969 3474.610 0.000 0.000 0.000 999999120886211674112.000
8532.855 5011.255 3963.326 0.000 0.000 0.000 999999432451187802112.000
8779.856 6829.004 7585.785 0.000 0.000 0.000 1000000692887120379904.000
6472.078 3171.675 3939.054 0.000 0.000 0.000 999998864091749154816.000
8339.323 1717.978 1524.617 0.000 0.000 0.000 999998986899027918848.000
7650.846 4016.786 8432.638 0.000 0.000 0.000 999999908616252948480.000
6467.062 6573.959 3314.039 0.000 0.000 0.000 1000001017411596845056.000
6314.118 6656.056 292.158 0.000 0.000 0.000 1000000565179008811008.000
5806.498 5145.597 719.062 0.000 0.000 0.000 999998842623023906816.000
7408.594 1205.370 7945.786 0.000 0.000 0.000 999999158043628535808.000
2267.705 396.302 4620.911 0.000 0.000 0.000 1000001129606804275200.000
754.674 4311.840 6326.418 0.000 0.000 0.000 1000000155222876618752.000
795.029 912.550 9908.454 0.000 0.000 0.000 999999611532264865792.000
1388.097 3004.302 2049.682 0.000 0.000 0.000 999999352199062618112.000
2246.589 611.314 6254.404 0.000 0.000 0.000 1000000914074983333888.000
5229.842 4425.319 2548.255 0.000 0.000 0.000 1000000053790544887808.000
6819.823 8965.782 4035.818 0.000 0.000 0.000 1000000238495937462272.000
3683.074 9158.101 4222.259 0.000 0.000 0.000 999999789605023907840.000
6396.428 8731.927 8510.262 0.000 0.000 0.000 1000001464182700900352.000
2354.032 4222.683 9091.645 0.000 0.000 0.000 999999800805437734912.000
685.907 5727.416 1652.508 0.000 0.000 0.000 1000001685875804078080.000
4372.795 4996.101 4130.139 0.000 0.000 0.000 1000000752201557344256.000
5801.001 2050.650 9756.657 0.000 0.000 0.000 999999849750252879872.000
1454.599 5854.052 4545.725 0.000 0.000 0.000 999998019353038684160.000
4651.081 1346.283 4415.594 0.000 0.000 0.000 999999376689156325376.000
1133.564 6893.186 5252.196 0.000 0.000 0.000 999999743651261972480.000
837.255 8012.719 8905.720 0.000 0.000 0.000 1000000802579826606080.000
5571.240 702.842 4987.481 0.000 0.000 0.000 999998886854223069184.000
28.427 386.056 691.530 0.000 0.000 0.000 999999270253691404288.000
3877.812 1377.089 85.100 0.000 0.000 0.000 1000000563497956016128.000
8227.733 8350.696 3010.776 0.000 0.000 0.000 999999649495594303488.000
9838.263 9751.013 9267.377 0.000 0.000 0.000 1000000140546077622272.000
4798.606 890.271 6184.023 0.000 0.000 0.000 1000001055416903794688.000
7643.395 4028.701 8650.208 0.000 0.000 0.000 999999396046628716544.000
9481.618 354.503 2971.961 0.000 0.000 0.000 999999280032988921856.000
3899.886 8358.804 2698.327 0.000 0.000 0.000 999999670088480849920.000
625.173 6388.067 3555.486 0.000 0.000 0.000 999999615810244706304.000
8662.455 1824.041 3151.297 0.000 0.000 0.000 999999864079917907968.000
5515.269 1462.901 3062.675 0.000 0.000 0.000 999999092811027841024.000
8257.803 4218.973 330.225 0.000 0.000 0.000 1000001341420509200384.000
5835.604 1622.398 5359.890 0.000 0.000 0.000 1000000332103486406656.000
3294.742 8497.235 2685.555 0.000 0.000 0.000 1000000821649401184256.000
6658.730 2912.441 7151.159 0.000 0.000 0.000 1000002539517261774848.000
3580.623 6466.572 3765.247 0.000 0.000 0.000 1000000084849056808960.000
1130.364 8605.477 819.010 0.000 0.000 0.000 999999738602336157696.000
4805.792 8631.506 3118.117 0.000 0.000 0.000 1000000470271260491776.000
8941.022 8736.855 3149.473 0.000 0.000 0.000 1000001249701645910016.000
184.731 5936.069 7719.364 0.000 0.000 0.000 999996589382595248128.000
654.309 1952.264 597.125 0.000 0.000 0.000 1000000825771316477952.000
2328.532 1612.207 696.896 0.000 0.000 0.000 1000000395762691604480.000
5926.404 9148.830 6595.702 0.000 0.000 0.000 1000000746620371468288.000
9623.481 4571.189 354.307 0.000 0.000 0.000 1000000026212523835392.000
6886.199 6985.475 2662.625 0.000 0.000 0.000 999999994685778952192.000
2347.766 8510.266 4578.151 0.000 0.000 0.000 1000000516751555952640.000
2635.348 9268.078 2842.569 0.000 0.000 0.000 1000000790726540787712.000
6619.858 1599.402 3926.658 0.000 0.000 0.000 999999316722030477312.000
6738.848 3729.562 1886.765 0.000 0.000 0.000 1000000499876939825152.000
8112.461 4829.406 7894.808 0.000 0.000 0.000 999999603654398574592.000
8805.959 3025.738 1916.531 0.000 0.000 0.000 1000000316378668072960.000
3800.200 482.691 32.837 0.000 0.000 0.000 1000000295928682774528.000
8550.623 270.221 3906.852 0.000 0.000 0.000 1000000592299665391616.000
9351.539 5650.842 2468.271 0.000 0.000 0.000 1000000162747059666944.000
7267.913 9451.813 6333.939 0.000 0.000 0.000 1000001383882359701504.000
7101.287 2470.844 7170.609 0.000 0.000 0.000 1000000182711266312192.000
9490.875 7700.723 6082.907 0.000 0.000 0.000 999999200040396390400.000
2010.750 5607.528 6246.783 0.000 0.000 0.000 1000000057772915687424.000
7870.650 1950.410 2329.851 0.000 0.000 0.000 1000001635233316995072.000
8449.722 4550.666 773.002 0.000 0.000 0.000 1000002061271927619584.000
1993.282 6981.854 9567.000 0.000 0.000 0.000 1000001210862691680256.000
674.169 8874.117 7800.177 0.000 0.000 0.000 1000000556758488449024.000
8879.278 5731.618 2372.375 0.000 0.000 0.000 999999562096571711488.000
1016.532 2912.143 5468.036 0.000 0.000 0.000 999998592441801768960.000
3977.448 2693.600 1978.686 0.000 0.000 0.000 1000000696928380649472.000
934.817 7026.689 5228.548 0.000 0.000 0.000 999999880507292647424.000
1820.514 4175.594 3409.182 0.000 0.000 0.000 999999743436934742016.000
2571.756 1981.757 9482.744 0.000 0.000 0.000 1000000270147819012096.000
4737.769 520.740 6767.094 0.000 0.000 0.000 1000004340794979254272.000
4118.816 5709.013 1002.639 0.000 0.000 0.000 1000000585283219881984.000
6519.572 8489.177 7776.159 0.000 0.000 0.000 1000000017626618003456.000
2431.644 4821.338 8209.196 0.000 0.000 0.000 999998150103359946752.000
4391.056 2846.093 8807.485 0.000 0.000 0.000 1000000165712264691712.000
1752.814 373.547 9841.287 0.000 0.000 0.000 999998937247826444288.000
6097.344 3887.844 704.410 0.000 0.000 0.000 1000000651950240825344.000
951.013 9180.324 8181.472 0.000 0.000 0.000 1000000097148453912576.000
6988.199 4657.777 3049.498 0.000 0.000 0.000 999999416812849594368.000
5122.149 3105.325 8550.317 0.000 0.000 0.000 1000000449556127809536.000
7286.703 1796.816 6095.575 0.000 0.000 0.000 999999898157253394432.000
1849.391 2545.019 2037.280 0.000 0.000 0.000 999998301856584957952.000
8061.767 2549.245 9536.179 0.000 0.000 0.000 1000000038095164538880.000
2146.043 1431.305 3300.474 0.000 0.000 0.000 999998195457968308224.000
9603.631 378.288 8319.407 0.000 0.000 0.000 999999893473081032704.000
2102.824 133.244 5660.094 0.000 0.000 0.000 999999610450966085632.000
2527.232 4242.169 6576.696 0.000 0.000 0.000 999998860029782786048.000
6918.315 3929.870 4885.477 0.000 0.000 0.000 999998737960349859840.000
8413.253 5102.007 8773.514 0.000 0.000 0.000 999998803746990063616.000
9537.386 2781.287 2449.628 0.000 0.000 0.000 999998222736765222912.000
4947.060 9547.935 573.960 0.000 0.000 0.000 999998602215492288512.000
3130.025 6291.406 9778.544 0.000 0.000 0.000 999998971117778501632.000
9703.947 3418.646 8185.255 0.000 0.000 0.000 999999849335829430272.000
5938.674 185.542 906.227 0.000 0.000 0.000 999999465228491685888.000
